0, 2.5, 0
5, 2.5, 2.68685
7, 2.5, 3.60912
12, 2.5, 3.91677
14, 2.5, 4.35136
21, 2.5, 4.90838
22, 2.5, 5.12316
30, 2.5, 5.6679
33, 2.5, 5.75033
40, 2.5, 6.20264
41, 2.5, 6.31397
48, 2.5, 6.69323
54, 2.5, 6.95446
57, 2.5, 7.00781
61, 2.5, 7.17524
66, 2.5, 7.30894
72, 2.5, 7.54311
77, 2.5, 7.82888
80, 2.5, 7.86512
83, 2.5, 7.9633
87, 2.5, 8.1667
93, 2.5, 8.34159
95, 2.5, 8.34934
99, 2.5, 8.48907
106, 2.5, 8.70803
108, 2.5, 8.77404
111, 2.5, 8.85214
120, 2.5, 9.06308
121, 2.5, 9.12445
124, 2.5, 9.1874
136, 2.5, 9.41761
140, 2.5, 9.57815
145, 2.5, 9.64253
151, 2.5, 9.77496
153, 2.5, 9.80065
158, 2.5, 9.88404
160, 2.5, 9.96133
166, 2.5, 10.0609
175, 2.5, 10.2154
182, 2.5, 10.3615
183, 2.5, 10.3888
184, 2.5, 10.395
190, 2.5, 10.4953
197, 2.5, 10.5998
198, 2.5, 10.6261
201, 2.5, 10.6636
204, 2.5, 10.6979
210, 2.5, 10.7986
222, 2.5, 10.9743
227, 2.5, 11.0964
234, 2.5, 11.174
238, 2.5, 11.2235
241, 2.5, 11.2842
248, 2.5, 11.3438
251, 2.5, 11.3755
254, 2.5, 11.4482
257, 2.5, 11.5114
267, 2.5, 11.6166
269, 2.5, 11.6458
281, 2.5, 11.8099
286, 2.5, 11.8694
289, 2.5, 11.9273
293, 2.5, 11.9469
302, 2.5, 12.0762
303, 2.5, 12.0983
314, 2.5, 12.2084
317, 2.5, 12.2616
322, 2.5, 12.3199
327, 2.5, 12.3729
335, 2.5, 12.4269
337, 2.5, 12.4385
343, 2.5, 12.5333
345, 2.5, 12.5473
358, 2.5, 12.6708
364, 2.5, 12.7304
368, 2.5, 12.7817
372, 2.5, 12.8357
376, 2.5, 12.8605
383, 2.5, 12.958
385, 2.5, 12.9874
391, 2.5, 13.0397
396, 2.5, 13.0854
401, 2.5, 13.1517
406, 2.5, 13.2106
416, 2.5, 13.2959
418, 2.5, 13.3138
422, 2.5, 13.347
428, 2.5, 13.3902
434, 2.5, 13.4226
437, 2.5, 13.46
445, 2.5, 13.5239
452, 2.5, 13.6144
456, 2.5, 13.6322
458, 2.5, 13.6559
468, 2.5, 13.7366
470, 2.5, 13.76
479, 2.5, 13.8655
484, 2.5, 13.8992
488, 2.5, 13.9373
494, 2.5, 13.9829
501, 2.5, 14.0273
506, 2.5, 14.059
512, 2.5, 14.1353
519, 2.5, 14.1886
522, 2.5, 14.208
524, 2.5, 14.228
533, 2.5, 14.2836
538, 2.5, 14.3356
543, 2.5, 14.347
548, 2.5, 14.4045
554, 2.5, 14.45
557, 2.5, 14.482
567, 2.5, 14.5317
569, 2.5, 14.5616
580, 2.5, 14.6469
583, 2.5, 14.6816
592, 2.5, 14.7452
598, 2.5, 14.7836
604, 2.5, 14.8203
606, 2.5, 14.8341
611, 2.5, 14.867
616, 2.5, 14.9027
621, 2.5, 14.9514
633, 2.5, 15.033
645, 2.5, 15.1004
651, 2.5, 15.1613
655, 2.5, 15.1997
660, 2.5, 15.2271
669, 2.5, 15.2855
675, 2.5, 15.3084
679, 2.5, 15.3387
683, 2.5, 15.3749
689, 2.5, 15.3963
693, 2.5, 15.4084
698, 2.5, 15.4481
705, 2.5, 15.4911
712, 2.5, 15.5386
717, 2.5, 15.568
720, 2.5, 15.5999
726, 2.5, 15.6425
729, 2.5, 15.683
736, 2.5, 15.7253
739, 2.5, 15.7367
741, 2.5, 15.7465
750, 2.5, 15.7917
754, 2.5, 15.8238
761, 2.5, 15.8589
767, 2.5, 15.8898
772, 2.5, 15.9202
781, 2.5, 15.9748
783, 2.5, 15.9879
789, 2.5, 16.0201
796, 2.5, 16.0653
801, 2.5, 16.1154
810, 2.5, 16.1536
813, 2.5, 16.1582
817, 2.5, 16.167
825, 2.5, 16.2246
834, 2.5, 16.271
840, 2.5, 16.3182
846, 2.5, 16.3457
848, 2.5, 16.3624
854, 2.5, 16.3921
860, 2.5, 16.4339
864, 2.5, 16.4575
873, 2.5, 16.4966
885, 2.5, 16.5788
889, 2.5, 16.5943
896, 2.5, 16.6374
900, 2.5, 16.6608
906, 2.5, 16.6882
908, 2.5, 16.6982
918, 2.5, 16.7541
924, 2.5, 16.7829
930, 2.5, 16.8165
935, 2.5, 16.8318
942, 2.5, 16.8835
954, 2.5, 16.9333
962, 2.5, 16.9713
963, 2.5, 16.9734
967, 2.5, 16.9967
970, 2.5, 17.0213
977, 2.5, 17.0624
981, 2.5, 17.0766
983, 2.5, 17.0895
990, 2.5, 17.1157
993, 2.5, 17.1419
1004, 2.5, 17.1846
1009, 2.5, 17.2248
1014, 2.5, 17.234
1017, 2.5, 17.2612
1022, 2.5, 17.2944
1028, 2.5, 17.3201
1034, 2.5, 17.344
1040, 2.5, 17.3851
1047, 2.5, 17.4101
1051, 2.5, 17.4402
1057, 2.5, 17.4815
1060, 2.5, 17.4974
1070, 2.5, 17.5342
1077, 2.5, 17.5652
1079, 2.5, 17.5872
1093, 2.5, 17.656
1097, 2.5, 17.6691
1102, 2.5, 17.687
1106, 2.5, 17.7029
1107, 2.5, 17.7154
1115, 2.5, 17.7425
1118, 2.5, 17.7478
1127, 2.5, 17.8025
1130, 2.5, 17.8239
1134, 2.5, 17.8389
1139, 2.5, 17.8595
1146, 2.5, 17.8973
1147, 2.5, 17.9003
1154, 2.5, 17.9375
1157, 2.5, 17.9445
1161, 2.5, 17.9613
1170, 2.5, 18.0091
1176, 2.5, 18.0296
1187, 2.5, 18.068
1190, 2.5, 18.0948
1197, 2.5, 18.1208
1208, 2.5, 18.1703
1211, 2.5, 18.1766
1215, 2.5, 18.197
1221, 2.5, 18.2315
1229, 2.5, 18.2578
1232, 2.5, 18.2795
1236, 2.5, 18.3035
1242, 2.5, 18.3317
1254, 2.5, 18.3651
1256, 2.5, 18.3811
1266, 2.5, 18.4204
1269, 2.5, 18.4358
1271, 2.5, 18.4443
1277, 2.5, 18.4723
1285, 2.5, 18.5174
1290, 2.5, 18.5293
1297, 2.5, 18.5609
1298, 2.5, 18.5629
1308, 2.5, 18.5986
1312, 2.5, 18.6133
1321, 2.5, 18.6653
1327, 2.5, 18.6889
1335, 2.5, 18.7145
1343, 2.5, 18.7434
1349, 2.5, 18.7747
1352, 2.5, 18.7872
1360, 2.5, 18.8132
1364, 2.5, 18.8312
1371, 2.5, 18.8521
1374, 2.5, 18.8654
1377, 2.5, 18.8861
1389, 2.5, 18.9461
1394, 2.5, 18.9655
1399, 2.5, 18.9749
1400, 2.5, 18.9824
1415, 2.5, 19.0442
1416, 2.5, 19.0538
1419, 2.5, 19.0685
1428, 2.5, 19.0963
1431, 2.5, 19.1261
1440, 2.5, 19.151
1445, 2.5, 19.1633
1446, 2.5, 19.1723
1458, 2.5, 19.2259
1467, 2.5, 19.2487
1473, 2.5, 19.2754
1481, 2.5, 19.3026
1485, 2.5, 19.3119
1489, 2.5, 19.3247
1495, 2.5, 19.3525
1499, 2.5, 19.3662
1513, 2.5, 19.421
1516, 2.5, 19.4276
1525, 2.5, 19.4745
1527, 2.5, 19.481
1534, 2.5, 19.4981
1537, 2.5, 19.5084
1547, 2.5, 19.5506
1549, 2.5, 19.5617
1561, 2.5, 19.6051
1562, 2.5, 19.6068
1569, 2.5, 19.6421
1575, 2.5, 19.6654
1577, 2.5, 19.6721
1584, 2.5, 19.694
1597, 2.5, 19.7523
1599, 2.5, 19.7754
1605, 2.5, 19.792
1606, 2.5, 19.7996
1615, 2.5, 19.8216
1621, 2.5, 19.8374
1628, 2.5, 19.8686
1634, 2.5, 19.88
1639, 2.5, 19.8958
1641, 2.5, 19.9141
1654, 2.5, 19.9534
1655, 2.5, 19.955
1666, 2.5, 19.9879
1668, 2.5, 20.0084
1670, 2.5, 20.024
1680, 2.5, 20.0597
1688, 2.5, 20.091
1697, 2.5, 20.1262
1701, 2.5, 20.1412
1705, 2.5, 20.1597
1711, 2.5, 20.1714
1715, 2.5, 20.1891
1725, 2.5, 20.2181
1728, 2.5, 20.2302
1731, 2.5, 20.2436
1743, 2.5, 20.284
1752, 2.5, 20.313
1755, 2.5, 20.3242
1759, 2.5, 20.3496
1768, 2.5, 20.3848
1773, 2.5, 20.389
1777, 2.5, 20.4049
1783, 2.5, 20.4291
1790, 2.5, 20.4479
1795, 2.5, 20.4672
1798, 2.5, 20.4803
1801, 2.5, 20.4943
1813, 2.5, 20.5371
1814, 2.5, 20.5474
1821, 2.5, 20.5593
1830, 2.5, 20.5903
1838, 2.5, 20.6161
1843, 2.5, 20.6335
1850, 2.5, 20.6568
1863, 2.5, 20.7047
1866, 2.5, 20.708
1872, 2.5, 20.7283
1877, 2.5, 20.7393
1883, 2.5, 20.7674
1885, 2.5, 20.7744
1892, 2.5, 20.8002
1906, 2.5, 20.8446
1908, 2.5, 20.8554
1914, 2.5, 20.8722
1922, 2.5, 20.895
1924, 2.5, 20.9043
1930, 2.5, 20.9243
1937, 2.5, 20.9444
1947, 2.5, 20.9734
1950, 2.5, 20.9855
1957, 2.5, 21.0114
1964, 2.5, 21.0265
1968, 2.5, 21.0406
1978, 2.5, 21.0775
1985, 2.5, 21.0917
1992, 2.5, 21.1039
1997, 2.5, 21.1338
2001, 2.5, 21.1476
2009, 2.5, 21.1664
2021, 2.5, 21.1909
2026, 2.5, 21.2072
2030, 2.5, 21.2262
2038, 2.5, 21.2472
2044, 2.5, 21.274
2047, 2.5, 21.2828
2052, 2.5, 21.3051
2060, 2.5, 21.3204
2068, 2.5, 21.3479
2076, 2.5, 21.3802
2078, 2.5, 21.3918
2086, 2.5, 21.4155
2096, 2.5, 21.461
2099, 2.5, 21.466
2104, 2.5, 21.4776
2110, 2.5, 21.501
2121, 2.5, 21.5286
2124, 2.5, 21.5388
2130, 2.5, 21.5608
2138, 2.5, 21.585
2140, 2.5, 21.593
2152, 2.5, 21.6295
2154, 2.5, 21.6373
2165, 2.5, 21.6678
2170, 2.5, 21.6981
2173, 2.5, 21.7032
2182, 2.5, 21.7321
2186, 2.5, 21.7433
2190, 2.5, 21.7504
2206, 2.5, 21.7845
2208, 2.5, 21.7879
2216, 2.5, 21.8231
2221, 2.5, 21.8416
2227, 2.5, 21.8549
2231, 2.5, 21.8739
2235, 2.5, 21.8847
2245, 2.5, 21.9109
2252, 2.5, 21.9475
2256, 2.5, 21.9563
2266, 2.5, 21.974
2267, 2.5, 21.9826
2271, 2.5, 22.0049
2274, 2.5, 22.011
2283, 2.5, 22.0456
2288, 2.5, 22.057
2295, 2.5, 22.0724
2302, 2.5, 22.0928
2307, 2.5, 22.1132
2318, 2.5, 22.1425
2326, 2.5, 22.1627
2328, 2.5, 22.1725
2331, 2.5, 22.1823
2334, 2.5, 22.1941
2344, 2.5, 22.2184
2346, 2.5, 22.2226
2354, 2.5, 22.2449
2357, 2.5, 22.2645
2361, 2.5, 22.273
2365, 2.5, 22.2887
2378, 2.5, 22.3344
2382, 2.5, 22.3429
2387, 2.5, 22.3594
2393, 2.5, 22.3744
2399, 2.5, 22.3892
2410, 2.5, 22.4168
2422, 2.5, 22.4451
2425, 2.5, 22.454
2429, 2.5, 22.4697
2437, 2.5, 22.4979
2445, 2.5, 22.5158
2451, 2.5, 22.5387
2454, 2.5, 22.5533
2456, 2.5, 22.5561
2465, 2.5, 22.5851
2467, 2.5, 22.595
2476, 2.5, 22.613
2487, 2.5, 22.6526
2490, 2.5, 22.6629
2504, 2.5, 22.6929
2511, 2.5, 22.7162
2521, 2.5, 22.7369
2525, 2.5, 22.7526
2529, 2.5, 22.768
2535, 2.5, 22.7744
2544, 2.5, 22.8117
2548, 2.5, 22.8252
2551, 2.5, 22.8351
2559, 2.5, 22.8567
2570, 2.5, 22.8874
2573, 2.5, 22.8998
2578, 2.5, 22.9076
2582, 2.5, 22.9274
2586, 2.5, 22.9373
2598, 2.5, 22.9642
2602, 2.5, 22.974
2607, 2.5, 22.9869
2612, 2.5, 22.9993
2616, 2.5, 23.0118
2625, 2.5, 23.0397
2631, 2.5, 23.0549
2635, 2.5, 23.064
2647, 2.5, 23.1059
2655, 2.5, 23.1249
2663, 2.5, 23.1436
2665, 2.5, 23.1531
2674, 2.5, 23.1776
2677, 2.5, 23.1876
2680, 2.5, 23.2021
2683, 2.5, 23.2075
2692, 2.5, 23.2291
2702, 2.5, 23.2511
2705, 2.5, 23.2605
2712, 2.5, 23.2799
2728, 2.5, 23.3227
2730, 2.5, 23.3291
2734, 2.5, 23.3493
2747, 2.5, 23.3839
2750, 2.5, 23.3953
2753, 2.5, 23.3994
2759, 2.5, 23.4172
2766, 2.5, 23.4339
2774, 2.5, 23.4542
2780, 2.5, 23.4723
2786, 2.5, 23.4987
2792, 2.5, 23.5144
2800, 2.5, 23.5367
2810, 2.5, 23.5578
2813, 2.5, 23.5655
2818, 2.5, 23.5819
2820, 2.5, 23.587
2829, 2.5, 23.6168
2831, 2.5, 23.6249
2847, 2.5, 23.6607
2851, 2.5, 23.6714
2856, 2.5, 23.6862
2863, 2.5, 23.6983
2867, 2.5, 23.7087
2874, 2.5, 23.7337
2879, 2.5, 23.7466
2887, 2.5, 23.768
2889, 2.5, 23.7736
2894, 2.5, 23.7925
2904, 2.5, 23.8189
2912, 2.5, 23.8387
2918, 2.5, 23.8508
2926, 2.5, 23.8658
2929, 2.5, 23.8747
2934, 2.5, 23.8862
2946, 2.5, 23.9228
2954, 2.5, 23.9324
2956, 2.5, 23.9417
2966, 2.5, 23.9634
2971, 2.5, 23.9798
2974, 2.5, 23.9862
2978, 2.5, 23.9934
2984, 2.5, 24.0139
2996, 2.5, 24.0467
3000, 2.5, 24.0533
3003, 2.5, 24.0574
3011, 2.5, 24.0806
3017, 2.5, 24.0973
3022, 2.5, 24.1162
3026, 2.5, 24.1319
3032, 2.5, 24.149
3042, 2.5, 24.1705
3049, 2.5, 24.1871
3055, 2.5, 24.2076
3060, 2.5, 24.226
3063, 2.5, 24.2287
3074, 2.5, 24.2543
3080, 2.5, 24.2678
3083, 2.5, 24.2848
3089, 2.5, 24.2989
3092, 2.5, 24.3077
3099, 2.5, 24.3208
3104, 2.5, 24.335
3106, 2.5, 24.3444
3114, 2.5, 24.358
3122, 2.5, 24.379
3126, 2.5, 24.3904
3134, 2.5, 24.4075
3141, 2.5, 24.4256
3148, 2.5, 24.4445
3154, 2.5, 24.4672
3162, 2.5, 24.4831
3170, 2.5, 24.4982
3174, 2.5, 24.5056
3184, 2.5, 24.5354
3190, 2.5, 24.5641
3194, 2.5, 24.5707
3204, 2.5, 24.5972
3208, 2.5, 24.6043
3215, 2.5, 24.6202
3223, 2.5, 24.6366
3236, 2.5, 24.6672
3239, 2.5, 24.6811
3242, 2.5, 24.6886
3258, 2.5, 24.7266
3261, 2.5, 24.7333
3269, 2.5, 24.749
3280, 2.5, 24.7835
3284, 2.5, 24.7913
3286, 2.5, 24.7945
3297, 2.5, 24.822
3301, 2.5, 24.8313
3304, 2.5, 24.835
3314, 2.5, 24.8587
3318, 2.5, 24.8707
3321, 2.5, 24.8796
3329, 2.5, 24.9004
3335, 2.5, 24.917
3345, 2.5, 24.9477
3358, 2.5, 24.9802
3360, 2.5, 24.9836
3364, 2.5, 24.9929
