3, 2.5, 2.19439
7, 2.5, 3.76506
22, 2.5, 5.22669
32, 2.5, 6.00496
35, 2.5, 6.17686
38, 2.5, 6.36414
44, 2.5, 6.84802
52, 2.5, 7.08219
58, 2.5, 7.41871
71, 2.5, 7.94533
74, 2.5, 8.0728
77, 2.5, 8.25099
81, 2.5, 8.3396
90, 2.5, 8.71468
94, 2.5, 8.85551
97, 2.5, 8.94403
101, 2.5, 9.04555
111, 2.5, 9.35601
117, 2.5, 9.42583
125, 2.5, 9.63079
129, 2.5, 9.72303
139, 2.5, 9.97545
145, 2.5, 10.1052
155, 2.5, 10.2835
166, 2.5, 10.4701
169, 2.5, 10.562
172, 2.5, 10.6346
177, 2.5, 10.7955
183, 2.5, 10.8628
189, 2.5, 10.9456
195, 2.5, 11.0896
199, 2.5, 11.1651
217, 2.5, 11.4335
219, 2.5, 11.473
226, 2.5, 11.5309
232, 2.5, 11.6751
243, 2.5, 11.8173
247, 2.5, 11.8439
253, 2.5, 11.9755
257, 2.5, 12.0652
261, 2.5, 12.1153
267, 2.5, 12.2192
273, 2.5, 12.2914
276, 2.5, 12.3017
287, 2.5, 12.4399
292, 2.5, 12.5166
295, 2.5, 12.5304
303, 2.5, 12.6453
309, 2.5, 12.7292
311, 2.5, 12.7473
316, 2.5, 12.7725
325, 2.5, 12.9004
336, 2.5, 13.0163
337, 2.5, 13.0421
348, 2.5, 13.132
351, 2.5, 13.1979
353, 2.5, 13.221
366, 2.5, 13.3669
370, 2.5, 13.4
373, 2.5, 13.4521
385, 2.5, 13.5481
395, 2.5, 13.6576
402, 2.5, 13.7495
403, 2.5, 13.768
412, 2.5, 13.8401
420, 2.5, 13.9133
426, 2.5, 14.0005
431, 2.5, 14.026
444, 2.5, 14.1342
447, 2.5, 14.1717
452, 2.5, 14.2481
461, 2.5, 14.3185
467, 2.5, 14.3737
472, 2.5, 14.4143
474, 2.5, 14.4249
480, 2.5, 14.483
490, 2.5, 14.5526
497, 2.5, 14.6129
502, 2.5, 14.6565
506, 2.5, 14.6922
508, 2.5, 14.706
522, 2.5, 14.8201
523, 2.5, 14.8309
528, 2.5, 14.8707
535, 2.5, 14.9292
547, 2.5, 15.0361
549, 2.5, 15.0523
552, 2.5, 15.0811
558, 2.5, 15.1097
560, 2.5, 15.1352
567, 2.5, 15.1868
571, 2.5, 15.2118
577, 2.5, 15.2901
584, 2.5, 15.3154
597, 2.5, 15.4202
602, 2.5, 15.4686
609, 2.5, 15.5233
610, 2.5, 15.5279
623, 2.5, 15.6013
627, 2.5, 15.6327
633, 2.5, 15.702
642, 2.5, 15.7367
648, 2.5, 15.7897
651, 2.5, 15.8189
657, 2.5, 15.8839
661, 2.5, 15.901
669, 2.5, 15.9908
674, 2.5, 16.0131
679, 2.5, 16.0555
691, 2.5, 16.1101
703, 2.5, 16.1741
708, 2.5, 16.2239
712, 2.5, 16.2485
716, 2.5, 16.2878
722, 2.5, 16.3037
732, 2.5, 16.3726
736, 2.5, 16.3918
742, 2.5, 16.4401
747, 2.5, 16.4691
753, 2.5, 16.5015
760, 2.5, 16.5314
766, 2.5, 16.5739
770, 2.5, 16.5966
781, 2.5, 16.6572
785, 2.5, 16.6877
791, 2.5, 16.7335
795, 2.5, 16.7497
801, 2.5, 16.7966
805, 2.5, 16.8186
814, 2.5, 16.8735
822, 2.5, 16.9107
825, 2.5, 16.9444
835, 2.5, 17.0002
846, 2.5, 17.0543
855, 2.5, 17.1067
858, 2.5, 17.1246
869, 2.5, 17.1999
877, 2.5, 17.2399
884, 2.5, 17.2597
889, 2.5, 17.3192
895, 2.5, 17.3576
902, 2.5, 17.3818
905, 2.5, 17.4023
911, 2.5, 17.4296
915, 2.5, 17.457
919, 2.5, 17.4762
929, 2.5, 17.5448
931, 2.5, 17.5545
937, 2.5, 17.5972
947, 2.5, 17.6375
951, 2.5, 17.6599
961, 2.5, 17.7051
978, 2.5, 17.7971
983, 2.5, 17.8382
990, 2.5, 17.8718
992, 2.5, 17.882
996, 2.5, 17.9027
1004, 2.5, 17.9463
1012, 2.5, 17.9797
1026, 2.5, 18.0595
1033, 2.5, 18.0977
1040, 2.5, 18.1305
1048, 2.5, 18.1572
1049, 2.5, 18.1728
1057, 2.5, 18.2109
1061, 2.5, 18.2411
1069, 2.5, 18.2719
1073, 2.5, 18.2959
1079, 2.5, 18.3208
1080, 2.5, 18.3305
1091, 2.5, 18.3687
1101, 2.5, 18.4336
1106, 2.5, 18.4613
1113, 2.5, 18.4862
1117, 2.5, 18.5118
1125, 2.5, 18.5392
1132, 2.5, 18.5991
1138, 2.5, 18.6166
1145, 2.5, 18.6479
1152, 2.5, 18.6934
1163, 2.5, 18.7469
1170, 2.5, 18.781
1173, 2.5, 18.7864
1183, 2.5, 18.8491
1184, 2.5, 18.8544
1189, 2.5, 18.8684
1195, 2.5, 18.8982
1209, 2.5, 18.9665
1213, 2.5, 18.9853
1221, 2.5, 19.0238
1223, 2.5, 19.0307
1231, 2.5, 19.0545
1235, 2.5, 19.0798
1241, 2.5, 19.0994
1252, 2.5, 19.1624
1259, 2.5, 19.1841
1263, 2.5, 19.2034
1266, 2.5, 19.2106
1274, 2.5, 19.243
1285, 2.5, 19.292
1292, 2.5, 19.3203
1296, 2.5, 19.3332
1300, 2.5, 19.3507
1309, 2.5, 19.3985
1314, 2.5, 19.4181
1319, 2.5, 19.4336
1330, 2.5, 19.4858
1335, 2.5, 19.5061
1340, 2.5, 19.5293
1351, 2.5, 19.5622
1355, 2.5, 19.5945
1360, 2.5, 19.6178
1369, 2.5, 19.6402
1372, 2.5, 19.6453
1389, 2.5, 19.722
1390, 2.5, 19.7243
1399, 2.5, 19.7721
1401, 2.5, 19.7962
1412, 2.5, 19.8321
1417, 2.5, 19.8483
1423, 2.5, 19.8848
1429, 2.5, 19.9045
1436, 2.5, 19.9437
1440, 2.5, 19.9623
1442, 2.5, 19.9684
1447, 2.5, 19.9863
1453, 2.5, 20.0054
1458, 2.5, 20.0176
1467, 2.5, 20.0751
1474, 2.5, 20.0998
1483, 2.5, 20.1252
1486, 2.5, 20.1385
1496, 2.5, 20.184
1500, 2.5, 20.2082
1510, 2.5, 20.2409
1516, 2.5, 20.2636
1521, 2.5, 20.2812
1533, 2.5, 20.3314
1538, 2.5, 20.358
1545, 2.5, 20.377
1555, 2.5, 20.4146
1557, 2.5, 20.4237
1563, 2.5, 20.4439
1570, 2.5, 20.4694
1580, 2.5, 20.5038
1584, 2.5, 20.5131
1589, 2.5, 20.5375
1600, 2.5, 20.5733
1604, 2.5, 20.5984
1615, 2.5, 20.6482
1616, 2.5, 20.6597
1627, 2.5, 20.6949
1637, 2.5, 20.7337
1640, 2.5, 20.7428
1648, 2.5, 20.7734
1653, 2.5, 20.7914
1662, 2.5, 20.8228
1670, 2.5, 20.8505
1674, 2.5, 20.8623
1680, 2.5, 20.8738
1688, 2.5, 20.9043
1694, 2.5, 20.928
1701, 2.5, 20.9489
1704, 2.5, 20.9656
1714, 2.5, 21.0065
1722, 2.5, 21.0476
1730, 2.5, 21.0873
1735, 2.5, 21.1041
1738, 2.5, 21.1196
1745, 2.5, 21.1405
1752, 2.5, 21.1668
1757, 2.5, 21.178
1764, 2.5, 21.198
1771, 2.5, 21.2279
1780, 2.5, 21.2512
1790, 2.5, 21.2826
1796, 2.5, 21.3021
1801, 2.5, 21.3291
1809, 2.5, 21.3644
1813, 2.5, 21.3769
1817, 2.5, 21.3877
1823, 2.5, 21.4125
1829, 2.5, 21.4301
1835, 2.5, 21.4503
1843, 2.5, 21.4827
1848, 2.5, 21.494
1857, 2.5, 21.5303
1864, 2.5, 21.5515
1871, 2.5, 21.5775
1878, 2.5, 21.6007
1884, 2.5, 21.6243
1889, 2.5, 21.6457
1897, 2.5, 21.6652
1903, 2.5, 21.6887
1914, 2.5, 21.7296
1921, 2.5, 21.7592
1926, 2.5, 21.7702
1935, 2.5, 21.7929
1940, 2.5, 21.8095
1951, 2.5, 21.8445
1956, 2.5, 21.8643
1963, 2.5, 21.8879
1965, 2.5, 21.8914
1975, 2.5, 21.9278
1982, 2.5, 21.9542
1989, 2.5, 21.9687
1995, 2.5, 21.9951
2000, 2.5, 22.0101
2005, 2.5, 22.026
2006, 2.5, 22.0323
2014, 2.5, 22.0503
2022, 2.5, 22.0833
2026, 2.5, 22.1025
2036, 2.5, 22.1348
2044, 2.5, 22.1562
2046, 2.5, 22.1661
2053, 2.5, 22.1901
2062, 2.5, 22.2126
2069, 2.5, 22.2397
2076, 2.5, 22.2634
2083, 2.5, 22.2922
2088, 2.5, 22.3079
2095, 2.5, 22.329
2101, 2.5, 22.3482
2105, 2.5, 22.3701
2114, 2.5, 22.3955
2128, 2.5, 22.4404
2133, 2.5, 22.4527
2141, 2.5, 22.4778
2145, 2.5, 22.4946
2152, 2.5, 22.5127
2157, 2.5, 22.5335
2160, 2.5, 22.5454
2165, 2.5, 22.5542
2173, 2.5, 22.5793
2177, 2.5, 22.5893
2187, 2.5, 22.629
2190, 2.5, 22.637
2202, 2.5, 22.6709
2210, 2.5, 22.6938
2217, 2.5, 22.7154
2220, 2.5, 22.7235
2226, 2.5, 22.748
2234, 2.5, 22.765
2240, 2.5, 22.7832
2249, 2.5, 22.8211
2252, 2.5, 22.837
2259, 2.5, 22.8628
2264, 2.5, 22.8755
2275, 2.5, 22.9054
2284, 2.5, 22.9243
2286, 2.5, 22.9342
2288, 2.5, 22.9487
2300, 2.5, 22.9859
2306, 2.5, 22.9991
2316, 2.5, 23.0272
2321, 2.5, 23.0419
2328, 2.5, 23.0616
2342, 2.5, 23.1031
2344, 2.5, 23.1155
2349, 2.5, 23.1399
2352, 2.5, 23.1529
2361, 2.5, 23.1783
2368, 2.5, 23.1953
2369, 2.5, 23.1961
2377, 2.5, 23.2189
2394, 2.5, 23.2666
2396, 2.5, 23.2717
2406, 2.5, 23.3127
2410, 2.5, 23.3262
2415, 2.5, 23.3352
2426, 2.5, 23.3628
2430, 2.5, 23.3887
2442, 2.5, 23.4186
2445, 2.5, 23.4241
2449, 2.5, 23.431
2462, 2.5, 23.4825
2469, 2.5, 23.5095
2471, 2.5, 23.5192
2486, 2.5, 23.5523
2490, 2.5, 23.5651
2498, 2.5, 23.5864
2508, 2.5, 23.6231
2514, 2.5, 23.6406
2518, 2.5, 23.6514
2522, 2.5, 23.6633
2526, 2.5, 23.6777
2531, 2.5, 23.6895
2542, 2.5, 23.7268
2550, 2.5, 23.7503
2553, 2.5, 23.7601
2562, 2.5, 23.7827
2572, 2.5, 23.8018
2576, 2.5, 23.8118
2583, 2.5, 23.8462
2589, 2.5, 23.8587
2593, 2.5, 23.8742
2597, 2.5, 23.8844
2602, 2.5, 23.8926
2612, 2.5, 23.9153
2617, 2.5, 23.9328
2628, 2.5, 23.9622
2633, 2.5, 23.9795
2639, 2.5, 24.0095
2647, 2.5, 24.0286
2652, 2.5, 24.045
2659, 2.5, 24.0569
2668, 2.5, 24.085
2670, 2.5, 24.0955
2679, 2.5, 24.1231
2688, 2.5, 24.1492
2691, 2.5, 24.1589
2695, 2.5, 24.1712
2703, 2.5, 24.2033
2711, 2.5, 24.222
2716, 2.5, 24.2362
2727, 2.5, 24.2624
2732, 2.5, 24.2767
2740, 2.5, 24.2993
2745, 2.5, 24.318
2753, 2.5, 24.3425
2762, 2.5, 24.3631
2779, 2.5, 24.4191
2784, 2.5, 24.4288
2791, 2.5, 24.4474
2798, 2.5, 24.4633
2799, 2.5, 24.4694
2808, 2.5, 24.4978
2816, 2.5, 24.5204
2824, 2.5, 24.5401
2832, 2.5, 24.5628
2833, 2.5, 24.5686
2837, 2.5, 24.5796
2843, 2.5, 24.6004
2861, 2.5, 24.6472
2863, 2.5, 24.6512
2866, 2.5, 24.6607
2871, 2.5, 24.6718
2875, 2.5, 24.6772
2885, 2.5, 24.7079
2888, 2.5, 24.7165
2893, 2.5, 24.7368
2911, 2.5, 24.7765
2912, 2.5, 24.7799
2919, 2.5, 24.8075
2926, 2.5, 24.831
2934, 2.5, 24.8491
2944, 2.5, 24.8667
2948, 2.5, 24.8719
2953, 2.5, 24.8911
2961, 2.5, 24.9214
2972, 2.5, 24.9435
2977, 2.5, 24.9571
2987, 2.5, 24.98
2990, 2.5, 24.9906
2997, 2.5, 25.0052
3005, 2.5, 25.03
3010, 2.5, 25.0432
3016, 2.5, 25.0745
3024, 2.5, 25.0832
3027, 2.5, 25.0944
3035, 2.5, 25.1018
3047, 2.5, 25.137
3050, 2.5, 25.1481
3060, 2.5, 25.173
3064, 2.5, 25.1849
3071, 2.5, 25.2108
3078, 2.5, 25.2289
3086, 2.5, 25.2468
3094, 2.5, 25.2641
3105, 2.5, 25.2975
3107, 2.5, 25.3027
3112, 2.5, 25.3168
3114, 2.5, 25.3194
3127, 2.5, 25.3525
3136, 2.5, 25.3727
3145, 2.5, 25.3949
3148, 2.5, 25.406
3154, 2.5, 25.4255
3161, 2.5, 25.4443
3169, 2.5, 25.4645
3174, 2.5, 25.4764
3186, 2.5, 25.5098
3189, 2.5, 25.523
3192, 2.5, 25.5279
3201, 2.5, 25.5509
3215, 2.5, 25.583
3220, 2.5, 25.5905
3228, 2.5, 25.6194
3238, 2.5, 25.648
3244, 2.5, 25.66
3246, 2.5, 25.6612
3255, 2.5, 25.6907
3259, 2.5, 25.7
3264, 2.5, 25.7152
3275, 2.5, 25.7428
3283, 2.5, 25.7652
3287, 2.5, 25.7749
3298, 2.5, 25.8005
3305, 2.5, 25.8122
3312, 2.5, 25.8376
3315, 2.5, 25.8417
3319, 2.5, 25.8573
3328, 2.5, 25.8807
3336, 2.5, 25.905
3345, 2.5, 25.9295
3356, 2.5, 25.9695
3361, 2.5, 25.9789
3367, 2.5, 25.9931
3374, 2.5, 26.0085
3384, 2.5, 26.0301
3393, 2.5, 26.0517
3400, 2.5, 26.0659
3403, 2.5, 26.0728
3407, 2.5, 26.0894
3416, 2.5, 26.1133
3419, 2.5, 26.1194
3435, 2.5, 26.1553
3437, 2.5, 26.1635
3449, 2.5, 26.1973
3453, 2.5, 26.2072
3458, 2.5, 26.217
3460, 2.5, 26.2239
3470, 2.5, 26.2503
3472, 2.5, 26.2591
3477, 2.5, 26.2769
3491, 2.5, 26.318
3494, 2.5, 26.3259
3501, 2.5, 26.3374
3504, 2.5, 26.3487
3510, 2.5, 26.3644
3522, 2.5, 26.3915
3526, 2.5, 26.4043
3532, 2.5, 26.422
3541, 2.5, 26.4372
3545, 2.5, 26.4482
3549, 2.5, 26.4594
3558, 2.5, 26.4876
3566, 2.5, 26.5053
3575, 2.5, 26.5197
3580, 2.5, 26.5373
3595, 2.5, 26.5609
3599, 2.5, 26.5796
3603, 2.5, 26.5865
3615, 2.5, 26.6152
3617, 2.5, 26.6247
3630, 2.5, 26.6507
3634, 2.5, 26.6604
3636, 2.5, 26.6639
3646, 2.5, 26.6882
3655, 2.5, 26.7106
3658, 2.5, 26.7174
3665, 2.5, 26.7451
3669, 2.5, 26.7584
3672, 2.5, 26.7657
3686, 2.5, 26.7979
3690, 2.5, 26.8089
3699, 2.5, 26.8274
3710, 2.5, 26.8518
3715, 2.5, 26.8619
3717, 2.5, 26.8698
3727, 2.5, 26.8959
3733, 2.5, 26.9058
3740, 2.5, 26.9232
3748, 2.5, 26.939
3752, 2.5, 26.9481
3760, 2.5, 26.9665
3764, 2.5, 26.9781
3768, 2.5, 26.986
3780, 2.5, 27.0137
3787, 2.5, 27.0263
3792, 2.5, 27.0402
3802, 2.5, 27.0674
3805, 2.5, 27.0738
3812, 2.5, 27.0972
3819, 2.5, 27.1105
3834, 2.5, 27.1479
3840, 2.5, 27.1603
3842, 2.5, 27.1671
3847, 2.5, 27.179
3856, 2.5, 27.1938
3871, 2.5, 27.2259
3875, 2.5, 27.2387
3883, 2.5, 27.2575
3888, 2.5, 27.2748
3899, 2.5, 27.3011
3905, 2.5, 27.3122
3909, 2.5, 27.3197
3915, 2.5, 27.3342
3923, 2.5, 27.3467
3929, 2.5, 27.3562
3944, 2.5, 27.3889
3947, 2.5, 27.4046
3948, 2.5, 27.4109
3955, 2.5, 27.4329
3962, 2.5, 27.4413
3969, 2.5, 27.4705
3977, 2.5, 27.486
3984, 2.5, 27.506
3991, 2.5, 27.5177
3992, 2.5, 27.5213
4005, 2.5, 27.5363
4025, 2.5, 27.5908
4029, 2.5, 27.5972
4031, 2.5, 27.6009
4045, 2.5, 27.6359
4054, 2.5, 27.6568
4064, 2.5, 27.6768
4075, 2.5, 27.6958
4081, 2.5, 27.7116
4085, 2.5, 27.724
4097, 2.5, 27.7459
4099, 2.5, 27.7493
4105, 2.5, 27.7721
4110, 2.5, 27.7784
4119, 2.5, 27.7935
4134, 2.5, 27.8306
4140, 2.5, 27.8465
4144, 2.5, 27.8587
4153, 2.5, 27.8745
4154, 2.5, 27.8817
4162, 2.5, 27.8996
4172, 2.5, 27.9206
4179, 2.5, 27.9452
4185, 2.5, 27.9618
4200, 2.5, 27.9915
4206, 2.5, 28.0071
4218, 2.5, 28.0259
4223, 2.5, 28.0412
4225, 2.5, 28.0448
4228, 2.5, 28.0596
4237, 2.5, 28.08
4245, 2.5, 28.0993
4257, 2.5, 28.1267
4259, 2.5, 28.1311
4269, 2.5, 28.1502
4281, 2.5, 28.1786
4287, 2.5, 28.1912
4293, 2.5, 28.1971
4299, 2.5, 28.2084
4307, 2.5, 28.2304
4316, 2.5, 28.2516
4322, 2.5, 28.2695
4325, 2.5, 28.2744
4328, 2.5, 28.2808
4337, 2.5, 28.2938
4349, 2.5, 28.3316
4354, 2.5, 28.3414
4358, 2.5, 28.3479
4369, 2.5, 28.3723
4374, 2.5, 28.3863
4381, 2.5, 28.4074
4388, 2.5, 28.4229
4393, 2.5, 28.4367
4405, 2.5, 28.4606
4410, 2.5, 28.4712
4413, 2.5, 28.4804
4433, 2.5, 28.5173
4435, 2.5, 28.5198
4444, 2.5, 28.5441
4446, 2.5, 28.5495
4450, 2.5, 28.5613
4459, 2.5, 28.5894
4462, 2.5, 28.596
4464, 2.5, 28.6093
4469, 2.5, 28.6136
4473, 2.5, 28.6175
4493, 2.5, 28.6669
4496, 2.5, 28.6714
4502, 2.5, 28.6905
4508, 2.5, 28.705
4518, 2.5, 28.7274
4529, 2.5, 28.7508
4533, 2.5, 28.7558
4544, 2.5, 28.7768
4545, 2.5, 28.7825
4549, 2.5, 28.7901
4554, 2.5, 28.7998
4558, 2.5, 28.8038
4571, 2.5, 28.8328
4577, 2.5, 28.8527
4585, 2.5, 28.8679
4587, 2.5, 28.874
4602, 2.5, 28.9044
4609, 2.5, 28.9229
4612, 2.5, 28.9273
4622, 2.5, 28.9482
4631, 2.5, 28.9728
4635, 2.5, 28.9854
4645, 2.5, 29.0093
4654, 2.5, 29.026
4663, 2.5, 29.0481
4667, 2.5, 29.0537
4676, 2.5, 29.0715
4678, 2.5, 29.0775
4688, 2.5, 29.1065
4695, 2.5, 29.1207
4702, 2.5, 29.1361
4706, 2.5, 29.1421
4720, 2.5, 29.1738
4721, 2.5, 29.1753
4728, 2.5, 29.1859
4733, 2.5, 29.1984
4745, 2.5, 29.2223
4754, 2.5, 29.2419
4763, 2.5, 29.2633
4766, 2.5, 29.2757
4771, 2.5, 29.2878
4779, 2.5, 29.3108
4788, 2.5, 29.3347
4791, 2.5, 29.3403
4796, 2.5, 29.35
4814, 2.5, 29.3863
4816, 2.5, 29.3881
4822, 2.5, 29.4025
4827, 2.5, 29.4153
4833, 2.5, 29.4262
4836, 2.5, 29.4345
4838, 2.5, 29.4426
4853, 2.5, 29.4692
4862, 2.5, 29.4855
4865, 2.5, 29.4933
4874, 2.5, 29.5148
4886, 2.5, 29.5392
4895, 2.5, 29.56
4897, 2.5, 29.5664
4904, 2.5, 29.5791
4905, 2.5, 29.5813
4913, 2.5, 29.6003
4918, 2.5, 29.6068
4932, 2.5, 29.6271
4935, 2.5, 29.6443
4941, 2.5, 29.6562
4953, 2.5, 29.6794
4957, 2.5, 29.6984
4964, 2.5, 29.7118
4973, 2.5, 29.7309
4983, 2.5, 29.7575
4991, 2.5, 29.7775
4993, 2.5, 29.7824
5002, 2.5, 29.8017
5007, 2.5, 29.8101
5018, 2.5, 29.8294
5022, 2.5, 29.8339
5034, 2.5, 29.8617
5041, 2.5, 29.8725
5047, 2.5, 29.8831
5054, 2.5, 29.8977
5062, 2.5, 29.9126
5066, 2.5, 29.9229
5079, 2.5, 29.9557
5085, 2.5, 29.9673
5093, 2.5, 29.9828
5096, 2.5, 29.9864
5106, 2.5, 30.0206
5116, 2.5, 30.0349
5123, 2.5, 30.0491
5127, 2.5, 30.0587
5131, 2.5, 30.0659
5150, 2.5, 30.0979
5152, 2.5, 30.104
5159, 2.5, 30.1254
5164, 2.5, 30.1419
5176, 2.5, 30.1589
5181, 2.5, 30.177
5191, 2.5, 30.1918
5193, 2.5, 30.1984
5198, 2.5, 30.2096
5215, 2.5, 30.2461
5221, 2.5, 30.2598
5228, 2.5, 30.2713
5237, 2.5, 30.2905
5238, 2.5, 30.2923
5245, 2.5, 30.3102
5252, 2.5, 30.3261
5265, 2.5, 30.3515
5270, 2.5, 30.3597
5276, 2.5, 30.3694
5285, 2.5, 30.3936
5294, 2.5, 30.4153
5302, 2.5, 30.4331
5306, 2.5, 30.4423
5313, 2.5, 30.4539
5327, 2.5, 30.4826
5333, 2.5, 30.4922
5336, 2.5, 30.5008
5340, 2.5, 30.508
5352, 2.5, 30.5286
5356, 2.5, 30.5397
5358, 2.5, 30.546
5377, 2.5, 30.5843
5387, 2.5, 30.6016
5392, 2.5, 30.6165
5396, 2.5, 30.6212
5405, 2.5, 30.6506
5411, 2.5, 30.662
5412, 2.5, 30.6656
5421, 2.5, 30.6845
5428, 2.5, 30.6968
5432, 2.5, 30.7078
5436, 2.5, 30.7207
5444, 2.5, 30.7372
5459, 2.5, 30.7641
5463, 2.5, 30.7787
5465, 2.5, 30.7861
5479, 2.5, 30.8111
5486, 2.5, 30.824
5497, 2.5, 30.8432
5502, 2.5, 30.8638
5514, 2.5, 30.8852
5522, 2.5, 30.9017
5526, 2.5, 30.9101
5531, 2.5, 30.9207
5536, 2.5, 30.9358
5543, 2.5, 30.95
5550, 2.5, 30.9657
5559, 2.5, 30.9858
5565, 2.5, 31.0057
5570, 2.5, 31.0164
5584, 2.5, 31.0414
5587, 2.5, 31.0511
5591, 2.5, 31.0593
5599, 2.5, 31.0766
5607, 2.5, 31.0893
5617, 2.5, 31.1111
5624, 2.5, 31.122
5629, 2.5, 31.1366
5631, 2.5, 31.1413
5639, 2.5, 31.1577
5645, 2.5, 31.1709
5660, 2.5, 31.2096
5665, 2.5, 31.2207
5668, 2.5, 31.2311
5677, 2.5, 31.2454
5683, 2.5, 31.2553
5694, 2.5, 31.2717
5697, 2.5, 31.2804
5703, 2.5, 31.288
5708, 2.5, 31.3005
5718, 2.5, 31.3294
5725, 2.5, 31.3452
5731, 2.5, 31.3546
5735, 2.5, 31.3672
5749, 2.5, 31.3894
5756, 2.5, 31.4077
5764, 2.5, 31.4277
5770, 2.5, 31.4384
5776, 2.5, 31.4563
5780, 2.5, 31.4642
5786, 2.5, 31.4749
5795, 2.5, 31.4905
5801, 2.5, 31.5128
5805, 2.5, 31.5178
5820, 2.5, 31.5444
5827, 2.5, 31.5596
5831, 2.5, 31.5737
5842, 2.5, 31.5887
5848, 2.5, 31.6001
5851, 2.5, 31.6122
5854, 2.5, 31.6179
5858, 2.5, 31.6304
5872, 2.5, 31.6613
5884, 2.5, 31.6861
5892, 2.5, 31.7026
5902, 2.5, 31.7245
5907, 2.5, 31.7301
5910, 2.5, 31.7398
5925, 2.5, 31.7698
5931, 2.5, 31.7879
5935, 2.5, 31.7975
5939, 2.5, 31.803
5951, 2.5, 31.8255
5958, 2.5, 31.8435
5964, 2.5, 31.8475
5970, 2.5, 31.8618
5973, 2.5, 31.8724
5985, 2.5, 31.9054
5987, 2.5, 31.9142
6003, 2.5, 31.9425
6005, 2.5, 31.9475
6013, 2.5, 31.963
6017, 2.5, 31.9853
6021, 2.5, 31.9899
6036, 2.5, 32.0174
6046, 2.5, 32.0469
6050, 2.5, 32.0502
6059, 2.5, 32.0684
6067, 2.5, 32.0895
6077, 2.5, 32.1103
6079, 2.5, 32.1128
6087, 2.5, 32.1317
6095, 2.5, 32.1423
6099, 2.5, 32.1517
6112, 2.5, 32.1794
6116, 2.5, 32.1866
6120, 2.5, 32.1973
6129, 2.5, 32.2165
6137, 2.5, 32.2378
6140, 2.5, 32.2434
6149, 2.5, 32.2631
6160, 2.5, 32.2788
6167, 2.5, 32.2972
6173, 2.5, 32.308
6185, 2.5, 32.3344
6188, 2.5, 32.3402
6190, 2.5, 32.3456
6203, 2.5, 32.3713
6207, 2.5, 32.386
6214, 2.5, 32.4038
6223, 2.5, 32.4151
6234, 2.5, 32.438
6238, 2.5, 32.4475
6245, 2.5, 32.4638
6248, 2.5, 32.4676
6263, 2.5, 32.5057
6283, 2.5, 32.5374
6285, 2.5, 32.5434
6291, 2.5, 32.563
6301, 2.5, 32.5763
6307, 2.5, 32.5892
6314, 2.5, 32.595
6320, 2.5, 32.6128
6330, 2.5, 32.6366
6337, 2.5, 32.6472
6348, 2.5, 32.6661
6351, 2.5, 32.6761
6362, 2.5, 32.6947
6368, 2.5, 32.7119
6370, 2.5, 32.7148
6373, 2.5, 32.7247
6388, 2.5, 32.749
6395, 2.5, 32.7667
6406, 2.5, 32.7894
6416, 2.5, 32.8068
6421, 2.5, 32.8257
6425, 2.5, 32.833
6435, 2.5, 32.8514
6445, 2.5, 32.8698
6453, 2.5, 32.8944
6454, 2.5, 32.8961
6459, 2.5, 32.9067
6470, 2.5, 32.9317
6477, 2.5, 32.9446
6482, 2.5, 32.9572
6487, 2.5, 32.9664
6493, 2.5, 32.9782
6500, 2.5, 32.9925
6510, 2.5, 33.0184
6521, 2.5, 33.043
6530, 2.5, 33.0614
6539, 2.5, 33.0791
6541, 2.5, 33.0873
6550, 2.5, 33.1012
6562, 2.5, 33.1262
6567, 2.5, 33.1424
6572, 2.5, 33.1492
6576, 2.5, 33.1575
6583, 2.5, 33.1709
6591, 2.5, 33.1896
6609, 2.5, 33.2298
6614, 2.5, 33.2336
6620, 2.5, 33.2484
6626, 2.5, 33.2599
6634, 2.5, 33.2738
6643, 2.5, 33.3002
6651, 2.5, 33.3183
6657, 2.5, 33.327
6660, 2.5, 33.3362
6665, 2.5, 33.3507
6672, 2.5, 33.3676
6683, 2.5, 33.3916
6685, 2.5, 33.3942
6686, 2.5, 33.3987
6698, 2.5, 33.4247
6706, 2.5, 33.4425
6711, 2.5, 33.4483
6716, 2.5, 33.4599
6726, 2.5, 33.4793
6735, 2.5, 33.4962
6737, 2.5, 33.4991
6744, 2.5, 33.5153
6753, 2.5, 33.546
6757, 2.5, 33.5498
6768, 2.5, 33.5686
6780, 2.5, 33.5935
6792, 2.5, 33.614
6795, 2.5, 33.6209
6803, 2.5, 33.6348
6811, 2.5, 33.6644
6821, 2.5, 33.6829
6826, 2.5, 33.6941
6830, 2.5, 33.6999
6834, 2.5, 33.7083
6856, 2.5, 33.7519
6859, 2.5, 33.7544
6872, 2.5, 33.7915
6873, 2.5, 33.7931
6882, 2.5, 33.8167
6888, 2.5, 33.833
6897, 2.5, 33.8582
6905, 2.5, 33.8751
6918, 2.5, 33.8946
6925, 2.5, 33.9126
6939, 2.5, 33.9353
6941, 2.5, 33.9411
6943, 2.5, 33.9443
6949, 2.5, 33.9576
6958, 2.5, 33.9745
6964, 2.5, 33.9889
6969, 2.5, 34.0018
6983, 2.5, 34.0172
6984, 2.5, 34.024
6994, 2.5, 34.043
6997, 2.5, 34.0494
7010, 2.5, 34.072
7016, 2.5, 34.0893
7030, 2.5, 34.1236
7040, 2.5, 34.1384
7046, 2.5, 34.1476
7051, 2.5, 34.1622
7059, 2.5, 34.1782
7063, 2.5, 34.1856
7069, 2.5, 34.2008
7081, 2.5, 34.2285
7085, 2.5, 34.233
7096, 2.5, 34.2578
7106, 2.5, 34.275
7108, 2.5, 34.2787
7124, 2.5, 34.3155
7129, 2.5, 34.327
7135, 2.5, 34.3352
7147, 2.5, 34.3618
7156, 2.5, 34.3822
7161, 2.5, 34.3893
7166, 2.5, 34.3997
7175, 2.5, 34.4231
7181, 2.5, 34.4376
7191, 2.5, 34.4534
7193, 2.5, 34.4653
7196, 2.5, 34.4731
7207, 2.5, 34.4958
7219, 2.5, 34.5232
7228, 2.5, 34.5425
7235, 2.5, 34.5615
7243, 2.5, 34.5826
7246, 2.5, 34.5873
7263, 2.5, 34.6179
7267, 2.5, 34.6256
7271, 2.5, 34.6369
7279, 2.5, 34.6639
7285, 2.5, 34.6737
7292, 2.5, 34.6896
7300, 2.5, 34.7025
7303, 2.5, 34.7118
7313, 2.5, 34.7277
7317, 2.5, 34.7325
7325, 2.5, 34.7543
7340, 2.5, 34.7934
7344, 2.5, 34.8081
7349, 2.5, 34.82
7353, 2.5, 34.8251
7370, 2.5, 34.8575
7373, 2.5, 34.8617
7382, 2.5, 34.8856
7390, 2.5, 34.8962
7395, 2.5, 34.9116
7403, 2.5, 34.9294
7417, 2.5, 34.9518
7423, 2.5, 34.9706
7430, 2.5, 34.9863
7437, 2.5, 35.0024
7447, 2.5, 35.0179
7449, 2.5, 35.0186
7456, 2.5, 35.0396
7463, 2.5, 35.0523
7480, 2.5, 35.0892
7485, 2.5, 35.1016
7493, 2.5, 35.1258
7498, 2.5, 35.1337
7502, 2.5, 35.14
7512, 2.5, 35.1631
7526, 2.5, 35.192
7530, 2.5, 35.2016
7533, 2.5, 35.2089
7542, 2.5, 35.2228
7554, 2.5, 35.2463
7561, 2.5, 35.2641
7577, 2.5, 35.2941
7580, 2.5, 35.3109
7588, 2.5, 35.3281
7598, 2.5, 35.3394
7599, 2.5, 35.3445
7608, 2.5, 35.3728
7621, 2.5, 35.3901
7625, 2.5, 35.3957
7633, 2.5, 35.4153
7637, 2.5, 35.4231
7643, 2.5, 35.4489
7655, 2.5, 35.4766
7659, 2.5, 35.4844
7673, 2.5, 35.5069
7680, 2.5, 35.5333
7683, 2.5, 35.5353
7691, 2.5, 35.5526
7698, 2.5, 35.5674
7712, 2.5, 35.6023
7720, 2.5, 35.6147
7723, 2.5, 35.6236
7732, 2.5, 35.6404
7742, 2.5, 35.6557
7748, 2.5, 35.6732
7755, 2.5, 35.6918
7762, 2.5, 35.7076
7775, 2.5, 35.7369
7781, 2.5, 35.757
7793, 2.5, 35.7778
7796, 2.5, 35.7819
7805, 2.5, 35.8044
7814, 2.5, 35.8218
7821, 2.5, 35.832
7827, 2.5, 35.8435
7828, 2.5, 35.8493
7839, 2.5, 35.8711
7851, 2.5, 35.9021
7862, 2.5, 35.9198
7865, 2.5, 35.9296
7870, 2.5, 35.9353
7874, 2.5, 35.95
7890, 2.5, 35.9814
7895, 2.5, 35.9945
7898, 2.5, 36.004
7902, 2.5, 36.0122
7911, 2.5, 36.0374
7923, 2.5, 36.0582
7926, 2.5, 36.0737
7937, 2.5, 36.0925
7944, 2.5, 36.1075
7952, 2.5, 36.1284
7957, 2.5, 36.1407
7958, 2.5, 36.1415
7973, 2.5, 36.1685
7985, 2.5, 36.1869
7987, 2.5, 36.1982
7994, 2.5, 36.2153
8006, 2.5, 36.2365
8018, 2.5, 36.2615
8025, 2.5, 36.2808
8031, 2.5, 36.2937
8036, 2.5, 36.305
8045, 2.5, 36.3272
8048, 2.5, 36.3374
8050, 2.5, 36.3396
8070, 2.5, 36.3841
8081, 2.5, 36.4076
8089, 2.5, 36.4166
8094, 2.5, 36.4349
8103, 2.5, 36.4599
8111, 2.5, 36.4753
8120, 2.5, 36.4976
8124, 2.5, 36.5041
8125, 2.5, 36.5112
8128, 2.5, 36.5192
8151, 2.5, 36.5634
8154, 2.5, 36.577
8167, 2.5, 36.599
8171, 2.5, 36.6105
8176, 2.5, 36.6191
8189, 2.5, 36.6414
8194, 2.5, 36.6464
8207, 2.5, 36.6769
8212, 2.5, 36.6895
8221, 2.5, 36.7009
8226, 2.5, 36.718
8233, 2.5, 36.733
8238, 2.5, 36.7409
8246, 2.5, 36.7692
8254, 2.5, 36.7851
8267, 2.5, 36.8108
8275, 2.5, 36.8235
8277, 2.5, 36.8289
8290, 2.5, 36.8592
8298, 2.5, 36.8794
8303, 2.5, 36.8889
8312, 2.5, 36.9079
8321, 2.5, 36.9267
8325, 2.5, 36.9354
8333, 2.5, 36.9513
8338, 2.5, 36.9614
8351, 2.5, 36.9911
8358, 2.5, 37.0139
8367, 2.5, 37.0388
8369, 2.5, 37.0446
8375, 2.5, 37.0583
8394, 2.5, 37.0914
8399, 2.5, 37.0965
8401, 2.5, 37.1004
8408, 2.5, 37.118
8418, 2.5, 37.1486
8424, 2.5, 37.1558
8431, 2.5, 37.1769
8436, 2.5, 37.1928
8446, 2.5, 37.2166
8452, 2.5, 37.2337
8462, 2.5, 37.2561
8473, 2.5, 37.2871
8480, 2.5, 37.2986
8490, 2.5, 37.3174
8493, 2.5, 37.3274
8505, 2.5, 37.355
8515, 2.5, 37.3763
8521, 2.5, 37.3866
8540, 2.5, 37.432
8547, 2.5, 37.4507
8556, 2.5, 37.4651
8566, 2.5, 37.4886
8569, 2.5, 37.493
8577, 2.5, 37.5162
8581, 2.5, 37.5274
8584, 2.5, 37.5347
8593, 2.5, 37.5559
8607, 2.5, 37.5855
8610, 2.5, 37.594
8630, 2.5, 37.6363
8632, 2.5, 37.6373
8641, 2.5, 37.6597
8649, 2.5, 37.6846
8652, 2.5, 37.6877
8663, 2.5, 37.7099
8665, 2.5, 37.7226
8666, 2.5, 37.725
8682, 2.5, 37.763
8684, 2.5, 37.7704
8690, 2.5, 37.7915
8698, 2.5, 37.805
8715, 2.5, 37.8395
8720, 2.5, 37.8514
8733, 2.5, 37.8895
8734, 2.5, 37.8921
8737, 2.5, 37.8982
8742, 2.5, 37.9063
8757, 2.5, 37.9447
8765, 2.5, 37.9523
8775, 2.5, 37.9911
8779, 2.5, 37.9948
8783, 2.5, 38.0077
8793, 2.5, 38.0231
8802, 2.5, 38.05
8816, 2.5, 38.0803
8821, 2.5, 38.0929
8830, 2.5, 38.1147
8832, 2.5, 38.1205
8843, 2.5, 38.1389
8850, 2.5, 38.1574
8857, 2.5, 38.1702
8866, 2.5, 38.1916
8870, 2.5, 38.2034
8879, 2.5, 38.2261
8887, 2.5, 38.2483
8896, 2.5, 38.2679
8905, 2.5, 38.2827
8916, 2.5, 38.3097
8922, 2.5, 38.317
8924, 2.5, 38.3225
8935, 2.5, 38.3492
8950, 2.5, 38.3881
8956, 2.5, 38.4015
8963, 2.5, 38.4144
8971, 2.5, 38.4326
8975, 2.5, 38.4444
8987, 2.5, 38.4732
8988, 2.5, 38.4767
9006, 2.5, 38.5115
9013, 2.5, 38.5231
9019, 2.5, 38.5377
9028, 2.5, 38.5606
9030, 2.5, 38.5691
9041, 2.5, 38.5965
9044, 2.5, 38.6109
9048, 2.5, 38.6216
9063, 2.5, 38.6609
9070, 2.5, 38.6833
9077, 2.5, 38.6907
9091, 2.5, 38.7291
9098, 2.5, 38.7437
9103, 2.5, 38.7548
9105, 2.5, 38.7667
9112, 2.5, 38.7804
9123, 2.5, 38.8058
9133, 2.5, 38.829
9136, 2.5, 38.8364
9144, 2.5, 38.8508
9150, 2.5, 38.8717
9153, 2.5, 38.881
9165, 2.5, 38.9106
9167, 2.5, 38.9162
9183, 2.5, 38.9456
9187, 2.5, 38.9573
9201, 2.5, 38.9895
9213, 2.5, 39.0159
9217, 2.5, 39.0275
9224, 2.5, 39.0474
9230, 2.5, 39.0656
9233, 2.5, 39.0721
9240, 2.5, 39.091
9256, 2.5, 39.118
9262, 2.5, 39.1309
9273, 2.5, 39.1604
9283, 2.5, 39.1849
9293, 2.5, 39.2088
9297, 2.5, 39.2245
9308, 2.5, 39.2533
9316, 2.5, 39.2735
9331, 2.5, 39.2982
9332, 2.5, 39.3099
9337, 2.5, 39.3213
9348, 2.5, 39.3557
9356, 2.5, 39.3731
9367, 2.5, 39.4125
9373, 2.5, 39.417
9381, 2.5, 39.4346
9391, 2.5, 39.4557
9395, 2.5, 39.4652
9409, 2.5, 39.5037
9411, 2.5, 39.5094
9419, 2.5, 39.5263
9433, 2.5, 39.5605
9437, 2.5, 39.57
9445, 2.5, 39.5987
9449, 2.5, 39.6125
9464, 2.5, 39.6379
9477, 2.5, 39.6647
9484, 2.5, 39.6916
9491, 2.5, 39.7035
9503, 2.5, 39.7387
9511, 2.5, 39.7589
9516, 2.5, 39.7687
9526, 2.5, 39.7927
9533, 2.5, 39.8146
9540, 2.5, 39.831
9546, 2.5, 39.8472
9552, 2.5, 39.8586
9554, 2.5, 39.8708
9568, 2.5, 39.9024
9575, 2.5, 39.9178
9582, 2.5, 39.9419
9586, 2.5, 39.9552
9604, 2.5, 39.996
9610, 2.5, 40.0126
9615, 2.5, 40.0355
9625, 2.5, 40.0517
9632, 2.5, 40.0713
9640, 2.5, 40.0855
9647, 2.5, 40.1059
9664, 2.5, 40.1489
9666, 2.5, 40.1567
9679, 2.5, 40.1861
9687, 2.5, 40.2056
9694, 2.5, 40.2215
9699, 2.5, 40.2376
9700, 2.5, 40.2452
9710, 2.5, 40.2668
9724, 2.5, 40.2955
9735, 2.5, 40.3308
9740, 2.5, 40.3425
9749, 2.5, 40.3664
9761, 2.5, 40.4043
9766, 2.5, 40.4186
9773, 2.5, 40.4317
9778, 2.5, 40.4417
9790, 2.5, 40.4757
9797, 2.5, 40.4921
9806, 2.5, 40.5089
9816, 2.5, 40.5353
9826, 2.5, 40.5634
9839, 2.5, 40.6102
9841, 2.5, 40.6138
9854, 2.5, 40.6514
9858, 2.5, 40.6598
9865, 2.5, 40.6695
9873, 2.5, 40.6902
9886, 2.5, 40.7218
9897, 2.5, 40.7512
9900, 2.5, 40.7539
9914, 2.5, 40.7988
9929, 2.5, 40.8429
9932, 2.5, 40.8528
9943, 2.5, 40.8787
9946, 2.5, 40.8857
9950, 2.5, 40.8954
9964, 2.5, 40.9403
9970, 2.5, 40.9538
9980, 2.5, 40.9801
9985, 2.5, 40.9916
9987, 2.5, 40.9936
9998, 2.5, 41.0199
10003, 2.5, 41.0353
10013, 2.5, 41.0705
10024, 2.5, 41.0932
10032, 2.5, 41.1275
10035, 2.5, 41.1343
10045, 2.5, 41.1521
10051, 2.5, 41.1723
10065, 2.5, 41.205
10073, 2.5, 41.223
10082, 2.5, 41.2557
10087, 2.5, 41.2744
10090, 2.5, 41.2831
10106, 2.5, 41.3298
10116, 2.5, 41.3572
10123, 2.5, 41.382
10135, 2.5, 41.4159
10145, 2.5, 41.4462
10148, 2.5, 41.4553
10156, 2.5, 41.4754
10164, 2.5, 41.4896
10174, 2.5, 41.5217
10186, 2.5, 41.5573
10187, 2.5, 41.5621
10198, 2.5, 41.5957
10203, 2.5, 41.6013
10213, 2.5, 41.6255
10225, 2.5, 41.6622
10234, 2.5, 41.6932
10238, 2.5, 41.7052
10251, 2.5, 41.7372
10258, 2.5, 41.7564
10265, 2.5, 41.7822
10275, 2.5, 41.8222
10283, 2.5, 41.8401
10288, 2.5, 41.8545
10299, 2.5, 41.8831
10306, 2.5, 41.8973
10313, 2.5, 41.9124
10320, 2.5, 41.938
10327, 2.5, 41.9541
10333, 2.5, 41.9809
10343, 2.5, 42.0063
10349, 2.5, 42.0281
10351, 2.5, 42.0406
10364, 2.5, 42.069
10376, 2.5, 42.111
10390, 2.5, 42.1614
10407, 2.5, 42.2114
10419, 2.5, 42.2401
10421, 2.5, 42.2497
10426, 2.5, 42.2615
10441, 2.5, 42.3077
10448, 2.5, 42.3404
10454, 2.5, 42.3492
10464, 2.5, 42.3799
10469, 2.5, 42.3963
10477, 2.5, 42.4207
10479, 2.5, 42.4211
10497, 2.5, 42.4651
10502, 2.5, 42.4859
10504, 2.5, 42.4905
10515, 2.5, 42.527
10528, 2.5, 42.5667
10530, 2.5, 42.5685
10539, 2.5, 42.6048
10545, 2.5, 42.636
10557, 2.5, 42.6608
10569, 2.5, 42.7014
10576, 2.5, 42.7152
10591, 2.5, 42.7529
10599, 2.5, 42.7799
10604, 2.5, 42.7931
10612, 2.5, 42.8254
10620, 2.5, 42.8405
10636, 2.5, 42.9072
10639, 2.5, 42.9177
10647, 2.5, 42.9432
10663, 2.5, 42.9877
10673, 2.5, 43.0141
10679, 2.5, 43.0303
10684, 2.5, 43.045
10690, 2.5, 43.0619
10702, 2.5, 43.1163
10705, 2.5, 43.1222
10716, 2.5, 43.1652
10722, 2.5, 43.1905
10727, 2.5, 43.2104
10735, 2.5, 43.228
10741, 2.5, 43.2561
10757, 2.5, 43.3029
10767, 2.5, 43.3391
10772, 2.5, 43.3571
10781, 2.5, 43.3794
10787, 2.5, 43.3984
10799, 2.5, 43.4486
10807, 2.5, 43.4702
10813, 2.5, 43.4956
10820, 2.5, 43.5157
10828, 2.5, 43.545
10832, 2.5, 43.5615
10847, 2.5, 43.6063
10859, 2.5, 43.6421
10870, 2.5, 43.683
10874, 2.5, 43.6957
10888, 2.5, 43.7412
10895, 2.5, 43.7609
10901, 2.5, 43.776
10914, 2.5, 43.8216
10927, 2.5, 43.863
10932, 2.5, 43.8779
10939, 2.5, 43.9124
10947, 2.5, 43.9311
10962, 2.5, 43.976
10969, 2.5, 44.0116
10973, 2.5, 44.0258
10984, 2.5, 44.0607
10998, 2.5, 44.1148
11009, 2.5, 44.1482
11023, 2.5, 44.2066
11028, 2.5, 44.2262
11034, 2.5, 44.2448
11039, 2.5, 44.2657
11046, 2.5, 44.2856
11055, 2.5, 44.3128
11068, 2.5, 44.3732
11074, 2.5, 44.3894
11078, 2.5, 44.4141
11088, 2.5, 44.448
11097, 2.5, 44.4813
11101, 2.5, 44.4955
11113, 2.5, 44.5355
11119, 2.5, 44.5528
11128, 2.5, 44.5901
11134, 2.5, 44.622
11149, 2.5, 44.6774
11151, 2.5, 44.6853
11165, 2.5, 44.7253
11178, 2.5, 44.7804
11184, 2.5, 44.8008
11193, 2.5, 44.8241
11206, 2.5, 44.8706
11220, 2.5, 44.9255
11226, 2.5, 44.9459
11241, 2.5, 45.009
11246, 2.5, 45.0352
11259, 2.5, 45.0658
11262, 2.5, 45.0887
11268, 2.5, 45.1062
11273, 2.5, 45.1239
11279, 2.5, 45.1505
11289, 2.5, 45.1946
11301, 2.5, 45.225
11313, 2.5, 45.2667
11320, 2.5, 45.3096
11332, 2.5, 45.3486
11349, 2.5, 45.4126
11359, 2.5, 45.4472
11362, 2.5, 45.4554
11367, 2.5, 45.4801
11374, 2.5, 45.5036
11380, 2.5, 45.5335
11395, 2.5, 45.5917
11401, 2.5, 45.6212
11412, 2.5, 45.6456
11427, 2.5, 45.7223
11435, 2.5, 45.7483
11442, 2.5, 45.7772
11453, 2.5, 45.8228
11460, 2.5, 45.8377
11477, 2.5, 45.9018
11489, 2.5, 45.9419
11491, 2.5, 45.9514
11500, 2.5, 45.9958
11517, 2.5, 46.0574
11520, 2.5, 46.0682
11526, 2.5, 46.0911
11536, 2.5, 46.149
11549, 2.5, 46.224
11554, 2.5, 46.2333
11567, 2.5, 46.2855
11582, 2.5, 46.3436
11586, 2.5, 46.3532
11595, 2.5, 46.3935
11615, 2.5, 46.4711
11622, 2.5, 46.5022
11626, 2.5, 46.5186
11629, 2.5, 46.5431
11636, 2.5, 46.5535
11647, 2.5, 46.6132
11657, 2.5, 46.648
11671, 2.5, 46.7205
11684, 2.5, 46.7584
11694, 2.5, 46.8035
11700, 2.5, 46.8438
11710, 2.5, 46.8905
11724, 2.5, 46.9413
11730, 2.5, 46.984
11738, 2.5, 47.0338
11749, 2.5, 47.0915
11752, 2.5, 47.1067
11754, 2.5, 47.1191
11775, 2.5, 47.2058
11781, 2.5, 47.2654
11782, 2.5, 47.2685
11798, 2.5, 47.3351
11811, 2.5, 47.3815
11819, 2.5, 47.4176
11833, 2.5, 47.4959
11838, 2.5, 47.5278
11839, 2.5, 47.5376
11854, 2.5, 47.6018
11857, 2.5, 47.6208
11876, 2.5, 47.7095
11885, 2.5, 47.7675
11894, 2.5, 47.795
11896, 2.5, 47.8008
11910, 2.5, 47.9056
11928, 2.5, 47.9851
11934, 2.5, 48.0246
11936, 2.5, 48.0499
11942, 2.5, 48.0801
11949, 2.5, 48.0984
11954, 2.5, 48.129
11965, 2.5, 48.2072
11982, 2.5, 48.2782
11984, 2.5, 48.2815
11998, 2.5, 48.3713
12002, 2.5, 48.3849
12011, 2.5, 48.4357
12019, 2.5, 48.4824
12032, 2.5, 48.5526
12037, 2.5, 48.5877
12051, 2.5, 48.6659
12053, 2.5, 48.6794
12067, 2.5, 48.7438
12077, 2.5, 48.8124
12097, 2.5, 48.9072
12102, 2.5, 48.9343
12115, 2.5, 49.0233
12129, 2.5, 49.1088
12144, 2.5, 49.2049
12152, 2.5, 49.2517
12157, 2.5, 49.2808
12179, 2.5, 49.4049
12181, 2.5, 49.4124
12187, 2.5, 49.4457
12196, 2.5, 49.5076
12210, 2.5, 49.6043
12216, 2.5, 49.6158
12229, 2.5, 49.6938
12240, 2.5, 49.7835
12254, 2.5, 49.8637
12266, 2.5, 49.971
12271, 2.5, 50.0104
12281, 2.5, 50.0733
12290, 2.5, 50.1223
12304, 2.5, 50.2104
12314, 2.5, 50.2877
12328, 2.5, 50.3964
12334, 2.5, 50.4407
12342, 2.5, 50.5052
12367, 2.5, 50.6636
12372, 2.5, 50.6971
12386, 2.5, 50.8189
12403, 2.5, 50.9595
12416, 2.5, 51.0495
12423, 2.5, 51.1039
12428, 2.5, 51.1621
12429, 2.5, 51.1648
12443, 2.5, 51.2902
12455, 2.5, 51.3759
12475, 2.5, 51.5469
12482, 2.5, 51.6038
12486, 2.5, 51.6352
12505, 2.5, 51.7751
12515, 2.5, 51.9223
12525, 2.5, 52.0018
12537, 2.5, 52.0917
12543, 2.5, 52.146
12555, 2.5, 52.297
12564, 2.5, 52.3713
12578, 2.5, 52.4972
12584, 2.5, 52.5699
12588, 2.5, 52.6221
12601, 2.5, 52.7168
12610, 2.5, 52.8297
12628, 2.5, 53.0124
12648, 2.5, 53.2083
12651, 2.5, 53.27
12663, 2.5, 53.4228
12682, 2.5, 53.6138
12694, 2.5, 53.7698
12701, 2.5, 53.8511
12714, 2.5, 54.0255
12737, 2.5, 54.2999
12746, 2.5, 54.4361
12766, 2.5, 54.6756
12769, 2.5, 54.7363
12780, 2.5, 54.9207
12787, 2.5, 54.9947
12807, 2.5, 55.3073
12811, 2.5, 55.3565
12829, 2.5, 55.6334
12842, 2.5, 55.9605
12857, 2.5, 56.3434
12877, 2.5, 56.7744
12893, 2.5, 57.1333
12904, 2.5, 57.4023
12918, 2.5, 57.8935
12926, 2.5, 58.0699
12944, 2.5, 58.5874
12960, 2.5, 59.2652
12989, 2.5, 60.8903
13001, 2.5, 61.7455
