1, 2.5, 0.02759
6, 2.5, 3.21826
10, 2.5, 3.89941
11, 2.5, 3.93638
17, 2.5, 4.75038
21, 2.5, 5.14232
25, 2.5, 5.39252
31, 2.5, 6.00314
34, 2.5, 6.12261
41, 2.5, 6.51105
43, 2.5, 6.75466
46, 2.5, 6.87968
53, 2.5, 7.1093
64, 2.5, 7.6626
66, 2.5, 7.72355
80, 2.5, 8.31171
84, 2.5, 8.46621
88, 2.5, 8.61398
91, 2.5, 8.72085
96, 2.5, 8.90013
103, 2.5, 9.06503
108, 2.5, 9.23012
119, 2.5, 9.46136
124, 2.5, 9.62
132, 2.5, 9.7741
138, 2.5, 9.96059
142, 2.5, 10.0355
146, 2.5, 10.1213
152, 2.5, 10.2076
160, 2.5, 10.3707
171, 2.5, 10.6045
174, 2.5, 10.6918
179, 2.5, 10.8181
184, 2.5, 10.8682
190, 2.5, 10.9477
197, 2.5, 11.0997
210, 2.5, 11.3129
213, 2.5, 11.3865
221, 2.5, 11.4987
229, 2.5, 11.6194
235, 2.5, 11.7015
239, 2.5, 11.7318
245, 2.5, 11.8398
251, 2.5, 11.9605
264, 2.5, 12.1754
268, 2.5, 12.2396
274, 2.5, 12.2949
280, 2.5, 12.3575
281, 2.5, 12.3884
288, 2.5, 12.4741
296, 2.5, 12.5313
308, 2.5, 12.6846
310, 2.5, 12.7315
319, 2.5, 12.8493
328, 2.5, 12.9526
334, 2.5, 12.9962
343, 2.5, 13.0996
349, 2.5, 13.1325
357, 2.5, 13.2725
361, 2.5, 13.2979
368, 2.5, 13.391
384, 2.5, 13.5425
388, 2.5, 13.5708
394, 2.5, 13.6524
407, 2.5, 13.8125
414, 2.5, 13.8508
423, 2.5, 13.9324
424, 2.5, 13.9777
432, 2.5, 14.0315
438, 2.5, 14.0816
449, 2.5, 14.178
451, 2.5, 14.2168
454, 2.5, 14.2677
470, 2.5, 14.3853
479, 2.5, 14.4715
486, 2.5, 14.5231
495, 2.5, 14.5903
504, 2.5, 14.6715
516, 2.5, 14.7621
520, 2.5, 14.8105
525, 2.5, 14.8481
530, 2.5, 14.88
538, 2.5, 14.9418
543, 2.5, 15.0078
553, 2.5, 15.0838
559, 2.5, 15.1174
561, 2.5, 15.1484
572, 2.5, 15.2154
580, 2.5, 15.3013
588, 2.5, 15.3463
592, 2.5, 15.3655
598, 2.5, 15.4402
605, 2.5, 15.5117
612, 2.5, 15.5505
619, 2.5, 15.5886
629, 2.5, 15.6514
634, 2.5, 15.7023
638, 2.5, 15.7212
650, 2.5, 15.8138
654, 2.5, 15.8579
660, 2.5, 15.8998
665, 2.5, 15.9456
672, 2.5, 16.0023
685, 2.5, 16.0824
688, 2.5, 16.0975
692, 2.5, 16.1202
695, 2.5, 16.1309
704, 2.5, 16.1976
709, 2.5, 16.2278
720, 2.5, 16.3015
724, 2.5, 16.3137
738, 2.5, 16.4047
744, 2.5, 16.4501
749, 2.5, 16.4856
758, 2.5, 16.5213
762, 2.5, 16.5713
776, 2.5, 16.6412
779, 2.5, 16.6476
787, 2.5, 16.7091
796, 2.5, 16.7535
802, 2.5, 16.7999
811, 2.5, 16.8489
817, 2.5, 16.8845
823, 2.5, 16.913
831, 2.5, 16.9702
840, 2.5, 17.024
843, 2.5, 17.0504
852, 2.5, 17.0957
860, 2.5, 17.1441
868, 2.5, 17.1906
870, 2.5, 17.2004
882, 2.5, 17.2567
893, 2.5, 17.3494
899, 2.5, 17.371
907, 2.5, 17.4078
913, 2.5, 17.4506
920, 2.5, 17.4817
928, 2.5, 17.534
932, 2.5, 17.5568
939, 2.5, 17.6005
945, 2.5, 17.6296
954, 2.5, 17.6863
963, 2.5, 17.7258
971, 2.5, 17.7644
976, 2.5, 17.7749
982, 2.5, 17.836
984, 2.5, 17.8396
1000, 2.5, 17.9156
1002, 2.5, 17.9384
1010, 2.5, 17.9642
1016, 2.5, 18.0025
1024, 2.5, 18.0508
1027, 2.5, 18.0619
1036, 2.5, 18.1089
1052, 2.5, 18.1892
1065, 2.5, 18.2524
1066, 2.5, 18.261
1071, 2.5, 18.2796
1083, 2.5, 18.347
1084, 2.5, 18.3489
1099, 2.5, 18.4114
1107, 2.5, 18.4631
1111, 2.5, 18.4818
1123, 2.5, 18.5292
1126, 2.5, 18.5557
1130, 2.5, 18.5871
1137, 2.5, 18.6105
1147, 2.5, 18.6664
1149, 2.5, 18.6752
1162, 2.5, 18.745
1168, 2.5, 18.76
1175, 2.5, 18.7984
1180, 2.5, 18.8343
1193, 2.5, 18.8914
1203, 2.5, 18.938
1205, 2.5, 18.9458
1217, 2.5, 19.0002
1225, 2.5, 19.0407
1236, 2.5, 19.0799
1240, 2.5, 19.0982
1254, 2.5, 19.1715
1262, 2.5, 19.1987
1269, 2.5, 19.2204
1276, 2.5, 19.2449
1280, 2.5, 19.2588
1291, 2.5, 19.3194
1297, 2.5, 19.3338
1299, 2.5, 19.3473
1310, 2.5, 19.4028
1316, 2.5, 19.4276
1322, 2.5, 19.4437
1326, 2.5, 19.4737
1332, 2.5, 19.4947
1341, 2.5, 19.5316
1346, 2.5, 19.552
1353, 2.5, 19.5856
1363, 2.5, 19.6246
1366, 2.5, 19.6357
1377, 2.5, 19.6587
1383, 2.5, 19.6863
1388, 2.5, 19.7207
1398, 2.5, 19.7666
1404, 2.5, 19.806
1418, 2.5, 19.8504
1427, 2.5, 19.8955
1431, 2.5, 19.9165
1433, 2.5, 19.9351
1441, 2.5, 19.9677
1445, 2.5, 19.9836
1450, 2.5, 19.9927
1459, 2.5, 20.03
1465, 2.5, 20.0604
1477, 2.5, 20.1048
1487, 2.5, 20.1419
1494, 2.5, 20.1783
1501, 2.5, 20.2091
1502, 2.5, 20.2139
1511, 2.5, 20.2432
1522, 2.5, 20.2813
1531, 2.5, 20.322
1540, 2.5, 20.3645
1542, 2.5, 20.371
1560, 2.5, 20.4328
1572, 2.5, 20.4741
1575, 2.5, 20.4871
1579, 2.5, 20.5024
1594, 2.5, 20.55
1595, 2.5, 20.5581
1610, 2.5, 20.6336
1621, 2.5, 20.6733
1624, 2.5, 20.6837
1633, 2.5, 20.7229
1639, 2.5, 20.7397
1643, 2.5, 20.7537
1650, 2.5, 20.7862
1660, 2.5, 20.8153
1675, 2.5, 20.864
1679, 2.5, 20.8729
1691, 2.5, 20.9249
1696, 2.5, 20.9311
1703, 2.5, 20.9649
1707, 2.5, 20.9783
1717, 2.5, 21.0172
1727, 2.5, 21.0661
1732, 2.5, 21.0941
1746, 2.5, 21.1417
1749, 2.5, 21.1522
1750, 2.5, 21.1657
1759, 2.5, 21.1874
1770, 2.5, 21.2226
1777, 2.5, 21.2344
1786, 2.5, 21.2706
1793, 2.5, 21.288
1797, 2.5, 21.3069
1811, 2.5, 21.368
1814, 2.5, 21.3798
1819, 2.5, 21.395
1825, 2.5, 21.417
1833, 2.5, 21.4454
1834, 2.5, 21.4474
1847, 2.5, 21.4917
1852, 2.5, 21.5059
1859, 2.5, 21.533
1863, 2.5, 21.5495
1873, 2.5, 21.5791
1876, 2.5, 21.5903
1892, 2.5, 21.6507
1907, 2.5, 21.7086
1915, 2.5, 21.7357
1919, 2.5, 21.7545
1933, 2.5, 21.7898
1944, 2.5, 21.8241
1950, 2.5, 21.844
1952, 2.5, 21.8507
1961, 2.5, 21.8858
1973, 2.5, 21.9258
1976, 2.5, 21.9392
1987, 2.5, 21.9664
1996, 2.5, 21.9961
2011, 2.5, 22.0454
2015, 2.5, 22.0542
2021, 2.5, 22.0811
2035, 2.5, 22.1311
2038, 2.5, 22.1377
2051, 2.5, 22.1794
2056, 2.5, 22.205
2064, 2.5, 22.2221
2067, 2.5, 22.2304
2073, 2.5, 22.2529
2080, 2.5, 22.2832
2091, 2.5, 22.3215
2096, 2.5, 22.3387
2106, 2.5, 22.3724
2108, 2.5, 22.3765
2120, 2.5, 22.411
2125, 2.5, 22.431
2137, 2.5, 22.4612
2144, 2.5, 22.4926
2150, 2.5, 22.5121
2153, 2.5, 22.519
2164, 2.5, 22.5494
2167, 2.5, 22.5582
2171, 2.5, 22.5717
2188, 2.5, 22.6319
2195, 2.5, 22.6542
2201, 2.5, 22.666
2213, 2.5, 22.6967
2223, 2.5, 22.7302
2228, 2.5, 22.7525
2241, 2.5, 22.7868
2248, 2.5, 22.8125
2250, 2.5, 22.8229
2263, 2.5, 22.8737
2265, 2.5, 22.878
2276, 2.5, 22.9071
2287, 2.5, 22.9428
2289, 2.5, 22.9519
2296, 2.5, 22.9775
2303, 2.5, 22.9897
2308, 2.5, 23.007
2319, 2.5, 23.0387
2324, 2.5, 23.0502
2329, 2.5, 23.068
2338, 2.5, 23.0993
2350, 2.5, 23.1456
2353, 2.5, 23.1532
2363, 2.5, 23.1835
2367, 2.5, 23.1952
2383, 2.5, 23.2394
2395, 2.5, 23.2673
2403, 2.5, 23.2922
2409, 2.5, 23.3251
2412, 2.5, 23.3275
2421, 2.5, 23.3488
2431, 2.5, 23.3922
2439, 2.5, 23.4123
2452, 2.5, 23.4447
2459, 2.5, 23.4703
2470, 2.5, 23.5106
2476, 2.5, 23.5292
2479, 2.5, 23.5376
2497, 2.5, 23.5829
2500, 2.5, 23.5948
2510, 2.5, 23.6308
2515, 2.5, 23.6421
2517, 2.5, 23.6479
2529, 2.5, 23.6859
2534, 2.5, 23.6959
2535, 2.5, 23.7059
2544, 2.5, 23.7344
2559, 2.5, 23.7766
2563, 2.5, 23.7829
2573, 2.5, 23.8022
2579, 2.5, 23.8237
2584, 2.5, 23.8467
2598, 2.5, 23.8849
2609, 2.5, 23.9125
2615, 2.5, 23.9228
2626, 2.5, 23.9578
2631, 2.5, 23.9766
2637, 2.5, 23.9979
2646, 2.5, 24.0274
2656, 2.5, 24.0519
2658, 2.5, 24.0566
2665, 2.5, 24.0765
2674, 2.5, 24.1016
2683, 2.5, 24.1408
2694, 2.5, 24.171
2697, 2.5, 24.1745
2700, 2.5, 24.1874
2707, 2.5, 24.2141
2717, 2.5, 24.2363
2718, 2.5, 24.24
2736, 2.5, 24.2889
2744, 2.5, 24.3173
2759, 2.5, 24.3586
2761, 2.5, 24.3631
2767, 2.5, 24.3803
2770, 2.5, 24.398
2783, 2.5, 24.4271
2786, 2.5, 24.4384
2794, 2.5, 24.4561
2807, 2.5, 24.4931
2813, 2.5, 24.515
2828, 2.5, 24.5514
2831, 2.5, 24.5597
2853, 2.5, 24.622
2854, 2.5, 24.6285
2860, 2.5, 24.6452
2868, 2.5, 24.6629
2870, 2.5, 24.6668
2878, 2.5, 24.6936
2886, 2.5, 24.7108
2897, 2.5, 24.7416
2901, 2.5, 24.7493
2906, 2.5, 24.7632
2924, 2.5, 24.8264
2929, 2.5, 24.8404
2933, 2.5, 24.8476
2936, 2.5, 24.8537
2950, 2.5, 24.8753
2956, 2.5, 24.8973
2962, 2.5, 24.9219
2976, 2.5, 24.9569
2980, 2.5, 24.9642
2986, 2.5, 24.9774
2991, 2.5, 24.9923
2999, 2.5, 25.0058
3002, 2.5, 25.0221
3004, 2.5, 25.0263
3026, 2.5, 25.0891
3033, 2.5, 25.0982
3038, 2.5, 25.1099
3053, 2.5, 25.1571
3055, 2.5, 25.159
3059, 2.5, 25.1705
3073, 2.5, 25.2132
3079, 2.5, 25.2317
3088, 2.5, 25.2524
3099, 2.5, 25.2766
3110, 2.5, 25.3115
3119, 2.5, 25.3321
3123, 2.5, 25.3439
3131, 2.5, 25.3611
3140, 2.5, 25.3842
3149, 2.5, 25.4094
3157, 2.5, 25.4319
3168, 2.5, 25.4621
3181, 2.5, 25.4878
3182, 2.5, 25.4965
3191, 2.5, 25.5276
3199, 2.5, 25.5479
3209, 2.5, 25.5683
3218, 2.5, 25.5881
3224, 2.5, 25.6025
3234, 2.5, 25.6306
3258, 2.5, 25.6971
3265, 2.5, 25.7176
3268, 2.5, 25.726
3273, 2.5, 25.738
3277, 2.5, 25.753
3288, 2.5, 25.7801
3297, 2.5, 25.7999
3301, 2.5, 25.8055
3314, 2.5, 25.8391
3318, 2.5, 25.8553
3323, 2.5, 25.863
3330, 2.5, 25.8894
3341, 2.5, 25.9177
3343, 2.5, 25.9275
3351, 2.5, 25.9443
3359, 2.5, 25.9739
3364, 2.5, 25.985
3380, 2.5, 26.0135
3383, 2.5, 26.0238
3394, 2.5, 26.0536
3402, 2.5, 26.0683
3428, 2.5, 26.1413
3438, 2.5, 26.1639
3441, 2.5, 26.1739
3443, 2.5, 26.1837
3448, 2.5, 26.1972
3454, 2.5, 26.2089
3469, 2.5, 26.2497
3479, 2.5, 26.2788
3480, 2.5, 26.2913
3483, 2.5, 26.3006
3503, 2.5, 26.343
3513, 2.5, 26.3705
3521, 2.5, 26.391
3527, 2.5, 26.4044
3529, 2.5, 26.4118
3540, 2.5, 26.4333
3544, 2.5, 26.4388
3551, 2.5, 26.4615
3559, 2.5, 26.4879
3562, 2.5, 26.5002
3573, 2.5, 26.5182
3581, 2.5, 26.5377
3592, 2.5, 26.5553
3604, 2.5, 26.5908
3608, 2.5, 26.6009
3613, 2.5, 26.6099
3627, 2.5, 26.6489
3635, 2.5, 26.6618
3645, 2.5, 26.6876
3650, 2.5, 26.6975
3653, 2.5, 26.7063
3667, 2.5, 26.7557
3678, 2.5, 26.7842
3688, 2.5, 26.8008
3694, 2.5, 26.8213
3700, 2.5, 26.8288
3705, 2.5, 26.8365
3728, 2.5, 26.8968
3734, 2.5, 26.9071
3739, 2.5, 26.9223
3747, 2.5, 26.9367
3753, 2.5, 26.954
3757, 2.5, 26.9621
3771, 2.5, 26.9924
3778, 2.5, 27.0095
3781, 2.5, 27.0162
3789, 2.5, 27.0342
3797, 2.5, 27.0497
3809, 2.5, 27.085
3811, 2.5, 27.0935
3820, 2.5, 27.1106
3830, 2.5, 27.1398
3844, 2.5, 27.1698
3854, 2.5, 27.1925
3863, 2.5, 27.2073
3873, 2.5, 27.2294
3880, 2.5, 27.25
3885, 2.5, 27.2663
3891, 2.5, 27.2823
3903, 2.5, 27.311
3911, 2.5, 27.3208
3917, 2.5, 27.3384
3926, 2.5, 27.3492
3934, 2.5, 27.371
3943, 2.5, 27.3859
3952, 2.5, 27.427
3959, 2.5, 27.4346
3971, 2.5, 27.4728
3980, 2.5, 27.4929
3985, 2.5, 27.5075
3998, 2.5, 27.5279
4003, 2.5, 27.5351
4010, 2.5, 27.5603
4017, 2.5, 27.5755
4028, 2.5, 27.5963
4033, 2.5, 27.6068
4041, 2.5, 27.6258
4057, 2.5, 27.6626
4063, 2.5, 27.6736
4076, 2.5, 27.7015
4082, 2.5, 27.7127
4087, 2.5, 27.7255
4096, 2.5, 27.7426
4107, 2.5, 27.7743
4120, 2.5, 27.7966
4126, 2.5, 27.8068
4129, 2.5, 27.8159
4135, 2.5, 27.8349
4142, 2.5, 27.8538
4159, 2.5, 27.8954
4165, 2.5, 27.9027
4169, 2.5, 27.9113
4182, 2.5, 27.9538
4188, 2.5, 27.9708
4193, 2.5, 27.9828
4204, 2.5, 27.9962
4209, 2.5, 28.01
4224, 2.5, 28.0438
4227, 2.5, 28.0582
4235, 2.5, 28.0749
4251, 2.5, 28.1135
4263, 2.5, 28.135
4265, 2.5, 28.1426
4272, 2.5, 28.1571
4277, 2.5, 28.1714
4285, 2.5, 28.188
4291, 2.5, 28.1961
4302, 2.5, 28.212
4309, 2.5, 28.2395
4317, 2.5, 28.2519
4331, 2.5, 28.288
4334, 2.5, 28.2917
4346, 2.5, 28.3255
4352, 2.5, 28.3351
4361, 2.5, 28.353
4368, 2.5, 28.3671
4375, 2.5, 28.3878
4376, 2.5, 28.3944
4386, 2.5, 28.4202
4398, 2.5, 28.4442
4414, 2.5, 28.4809
4423, 2.5, 28.4954
4427, 2.5, 28.5012
4434, 2.5, 28.519
4441, 2.5, 28.5377
4445, 2.5, 28.5457
4448, 2.5, 28.553
4460, 2.5, 28.592
4471, 2.5, 28.6156
4480, 2.5, 28.6343
4491, 2.5, 28.6623
4501, 2.5, 28.6901
4506, 2.5, 28.7022
4515, 2.5, 28.7188
4522, 2.5, 28.7333
4531, 2.5, 28.7533
4539, 2.5, 28.7743
4543, 2.5, 28.7768
4547, 2.5, 28.7854
4569, 2.5, 28.8279
4578, 2.5, 28.8537
4596, 2.5, 28.8942
4598, 2.5, 28.8997
4608, 2.5, 28.9172
4618, 2.5, 28.937
4624, 2.5, 28.9545
4628, 2.5, 28.9616
4641, 2.5, 29.0024
4644, 2.5, 29.0065
4656, 2.5, 29.0275
4659, 2.5, 29.0355
4670, 2.5, 29.0604
4672, 2.5, 29.0669
4690, 2.5, 29.111
4696, 2.5, 29.124
4704, 2.5, 29.1417
4714, 2.5, 29.1575
4718, 2.5, 29.1678
4726, 2.5, 29.1824
4734, 2.5, 29.201
4739, 2.5, 29.2075
4757, 2.5, 29.2485
4762, 2.5, 29.2625
4768, 2.5, 29.2838
4782, 2.5, 29.3152
4784, 2.5, 29.3222
4790, 2.5, 29.339
4802, 2.5, 29.3605
4810, 2.5, 29.3772
4820, 2.5, 29.3954
4823, 2.5, 29.4074
4842, 2.5, 29.451
4847, 2.5, 29.4592
4849, 2.5, 29.4648
4856, 2.5, 29.4735
4864, 2.5, 29.4882
4871, 2.5, 29.5126
4887, 2.5, 29.5459
4892, 2.5, 29.557
4900, 2.5, 29.5673
4908, 2.5, 29.5875
4921, 2.5, 29.6089
4926, 2.5, 29.6143
4931, 2.5, 29.627
4939, 2.5, 29.6532
4943, 2.5, 29.6644
4949, 2.5, 29.6764
4959, 2.5, 29.7039
4967, 2.5, 29.7152
4982, 2.5, 29.7558
4998, 2.5, 29.7889
4999, 2.5, 29.7931
5004, 2.5, 29.8042
5016, 2.5, 29.8281
5027, 2.5, 29.8519
5031, 2.5, 29.8598
5049, 2.5, 29.8849
5053, 2.5, 29.8976
5063, 2.5, 29.9127
5071, 2.5, 29.9367
5077, 2.5, 29.9503
5080, 2.5, 29.9571
5098, 2.5, 29.9872
5099, 2.5, 29.9923
5104, 2.5, 30.0065
5121, 2.5, 30.0454
5126, 2.5, 30.0536
5129, 2.5, 30.062
5138, 2.5, 30.0809
5149, 2.5, 30.0972
5157, 2.5, 30.1201
5165, 2.5, 30.1423
5174, 2.5, 30.1578
5187, 2.5, 30.1837
5194, 2.5, 30.1999
5200, 2.5, 30.2152
5206, 2.5, 30.2306
5227, 2.5, 30.2668
5233, 2.5, 30.2826
5239, 2.5, 30.2939
5243, 2.5, 30.3076
5251, 2.5, 30.3255
5259, 2.5, 30.3415
5268, 2.5, 30.3539
5282, 2.5, 30.3828
5288, 2.5, 30.395
5296, 2.5, 30.4259
5311, 2.5, 30.4529
5319, 2.5, 30.4608
5323, 2.5, 30.4758
5330, 2.5, 30.4876
5343, 2.5, 30.5114
5354, 2.5, 30.5354
5363, 2.5, 30.5515
5365, 2.5, 30.5593
5382, 2.5, 30.5923
5386, 2.5, 30.5998
5393, 2.5, 30.6165
5403, 2.5, 30.6419
5409, 2.5, 30.6545
5410, 2.5, 30.6611
5418, 2.5, 30.6772
5427, 2.5, 30.6968
5437, 2.5, 30.7215
5441, 2.5, 30.7344
5449, 2.5, 30.7427
5456, 2.5, 30.7579
5473, 2.5, 30.801
5476, 2.5, 30.808
5477, 2.5, 30.8101
5487, 2.5, 30.8295
5490, 2.5, 30.8334
5501, 2.5, 30.8614
5511, 2.5, 30.8818
5518, 2.5, 30.8894
5528, 2.5, 30.9168
5532, 2.5, 30.9223
5557, 2.5, 30.9792
5569, 2.5, 31.014
5572, 2.5, 31.0211
5577, 2.5, 31.0281
5586, 2.5, 31.0446
5592, 2.5, 31.0608
5596, 2.5, 31.0713
5608, 2.5, 31.0936
5610, 2.5, 31.0959
5626, 2.5, 31.1313
5636, 2.5, 31.1489
5642, 2.5, 31.1644
5650, 2.5, 31.1842
5659, 2.5, 31.2075
5666, 2.5, 31.2227
5674, 2.5, 31.2428
5687, 2.5, 31.2639
5695, 2.5, 31.2781
5706, 2.5, 31.2959
5712, 2.5, 31.3115
5716, 2.5, 31.3261
5727, 2.5, 31.3466
5734, 2.5, 31.3659
5737, 2.5, 31.3738
5753, 2.5, 31.4031
5759, 2.5, 31.4129
5767, 2.5, 31.4312
5773, 2.5, 31.4487
5779, 2.5, 31.461
5798, 2.5, 31.5026
5803, 2.5, 31.5169
5807, 2.5, 31.5224
5813, 2.5, 31.535
5843, 2.5, 31.5891
5844, 2.5, 31.5914
5852, 2.5, 31.6177
5857, 2.5, 31.6283
5866, 2.5, 31.6423
5876, 2.5, 31.6681
5887, 2.5, 31.6897
5894, 2.5, 31.7075
5899, 2.5, 31.716
5906, 2.5, 31.7296
5909, 2.5, 31.7384
5924, 2.5, 31.7689
5927, 2.5, 31.7792
5940, 2.5, 31.8049
5950, 2.5, 31.823
5955, 2.5, 31.8351
5968, 2.5, 31.8607
5977, 2.5, 31.8803
5978, 2.5, 31.8864
5983, 2.5, 31.8995
5989, 2.5, 31.916
5994, 2.5, 31.9252
6014, 2.5, 31.9715
6024, 2.5, 31.993
6037, 2.5, 32.0206
6041, 2.5, 32.0312
6048, 2.5, 32.0495
6053, 2.5, 32.0555
6058, 2.5, 32.0679
6065, 2.5, 32.0806
6073, 2.5, 32.0966
6078, 2.5, 32.1104
6088, 2.5, 32.1326
6103, 2.5, 32.1663
6106, 2.5, 32.1731
6119, 2.5, 32.1931
6124, 2.5, 32.2107
6130, 2.5, 32.2184
6141, 2.5, 32.2454
6151, 2.5, 32.2636
6162, 2.5, 32.2883
6170, 2.5, 32.3054
6179, 2.5, 32.3223
6197, 2.5, 32.356
6198, 2.5, 32.3576
6204, 2.5, 32.3763
6211, 2.5, 32.3946
6216, 2.5, 32.4046
6224, 2.5, 32.4164
6242, 2.5, 32.4601
6244, 2.5, 32.463
6255, 2.5, 32.4807
6265, 2.5, 32.51
6272, 2.5, 32.5168
6273, 2.5, 32.5187
6287, 2.5, 32.547
6293, 2.5, 32.5668
6298, 2.5, 32.5722
6310, 2.5, 32.5925
6323, 2.5, 32.6193
6328, 2.5, 32.6363
6341, 2.5, 32.6533
6350, 2.5, 32.6729
6354, 2.5, 32.6802
6360, 2.5, 32.6942
6384, 2.5, 32.7411
6391, 2.5, 32.7527
6393, 2.5, 32.7616
6399, 2.5, 32.7745
6410, 2.5, 32.7962
6418, 2.5, 32.8161
6429, 2.5, 32.839
6442, 2.5, 32.8628
6446, 2.5, 32.8748
6462, 2.5, 32.9096
6464, 2.5, 32.9161
6468, 2.5, 32.9276
6473, 2.5, 32.9365
6492, 2.5, 32.9773
6499, 2.5, 32.9917
6502, 2.5, 32.9993
6514, 2.5, 33.0268
6525, 2.5, 33.0496
6528, 2.5, 33.0586
6543, 2.5, 33.0924
6556, 2.5, 33.1123
6561, 2.5, 33.1257
6565, 2.5, 33.1397
6580, 2.5, 33.1642
6588, 2.5, 33.1813
6594, 2.5, 33.1927
6598, 2.5, 33.201
6608, 2.5, 33.2261
6630, 2.5, 33.2657
6637, 2.5, 33.2803
6639, 2.5, 33.2919
6645, 2.5, 33.3027
6656, 2.5, 33.3252
6658, 2.5, 33.3305
6662, 2.5, 33.3403
6674, 2.5, 33.3685
6680, 2.5, 33.382
6687, 2.5, 33.3999
6694, 2.5, 33.4095
6700, 2.5, 33.4308
6721, 2.5, 33.4694
6730, 2.5, 33.4843
6732, 2.5, 33.4872
6742, 2.5, 33.5083
6749, 2.5, 33.5247
6760, 2.5, 33.5518
6763, 2.5, 33.5602
6775, 2.5, 33.5818
6787, 2.5, 33.606
6793, 2.5, 33.6152
6800, 2.5, 33.6304
6805, 2.5, 33.6446
6814, 2.5, 33.6685
6828, 2.5, 33.695
6833, 2.5, 33.7065
6844, 2.5, 33.7322
6848, 2.5, 33.7389
6860, 2.5, 33.758
6863, 2.5, 33.7659
6870, 2.5, 33.7864
6884, 2.5, 33.823
6891, 2.5, 33.8397
6896, 2.5, 33.8549
6909, 2.5, 33.8772
6912, 2.5, 33.8839
6934, 2.5, 33.9256
6935, 2.5, 33.9292
6945, 2.5, 33.9482
6955, 2.5, 33.9669
6963, 2.5, 33.9833
6971, 2.5, 34.0059
6990, 2.5, 34.032
6991, 2.5, 34.0339
7001, 2.5, 34.0577
7009, 2.5, 34.0711
7011, 2.5, 34.0788
7026, 2.5, 34.1051
7032, 2.5, 34.1258
7038, 2.5, 34.1377
7050, 2.5, 34.1594
7060, 2.5, 34.1787
7070, 2.5, 34.2031
7075, 2.5, 34.2115
7084, 2.5, 34.2321
7093, 2.5, 34.2512
7097, 2.5, 34.2579
7102, 2.5, 34.2651
7109, 2.5, 34.2866
7119, 2.5, 34.3048
7128, 2.5, 34.3266
7139, 2.5, 34.3429
7145, 2.5, 34.355
7150, 2.5, 34.3686
7170, 2.5, 34.4115
7178, 2.5, 34.4259
7184, 2.5, 34.4416
7192, 2.5, 34.4631
7200, 2.5, 34.4815
7218, 2.5, 34.5224
7221, 2.5, 34.5251
7230, 2.5, 34.5507
7239, 2.5, 34.5713
7242, 2.5, 34.5783
7250, 2.5, 34.5975
7254, 2.5, 34.6013
7265, 2.5, 34.6198
7272, 2.5, 34.6436
7275, 2.5, 34.6515
7287, 2.5, 34.676
7295, 2.5, 34.6919
7302, 2.5, 34.7097
7307, 2.5, 34.7156
7320, 2.5, 34.7405
7323, 2.5, 34.7479
7332, 2.5, 34.7733
7338, 2.5, 34.7852
7356, 2.5, 34.8265
7359, 2.5, 34.8354
7369, 2.5, 34.8549
7380, 2.5, 34.8828
7387, 2.5, 34.8933
7398, 2.5, 34.9157
7406, 2.5, 34.933
7419, 2.5, 34.9569
7422, 2.5, 34.963
7428, 2.5, 34.9827
7448, 2.5, 35.0181
7452, 2.5, 35.0309
7461, 2.5, 35.0492
7471, 2.5, 35.0711
7474, 2.5, 35.0768
7477, 2.5, 35.0844
7488, 2.5, 35.1106
7497, 2.5, 35.1335
7506, 2.5, 35.149
7517, 2.5, 35.1747
7531, 2.5, 35.2051
7535, 2.5, 35.2131
7552, 2.5, 35.2361
7553, 2.5, 35.245
7558, 2.5, 35.2601
7567, 2.5, 35.2812
7575, 2.5, 35.2883
7589, 2.5, 35.3284
7597, 2.5, 35.3379
7601, 2.5, 35.3509
7613, 2.5, 35.3782
7617, 2.5, 35.3881
7628, 2.5, 35.4008
7638, 2.5, 35.4249
7645, 2.5, 35.4502
7652, 2.5, 35.4706
7672, 2.5, 35.5059
7677, 2.5, 35.5243
7681, 2.5, 35.534
7694, 2.5, 35.5555
7695, 2.5, 35.5586
7702, 2.5, 35.5776
7711, 2.5, 35.5957
7721, 2.5, 35.617
7724, 2.5, 35.6246
7740, 2.5, 35.6554
7752, 2.5, 35.6841
7754, 2.5, 35.6905
7763, 2.5, 35.7089
7771, 2.5, 35.7337
7778, 2.5, 35.7486
7786, 2.5, 35.7653
7798, 2.5, 35.7862
7809, 2.5, 35.8133
7816, 2.5, 35.824
7831, 2.5, 35.8504
7832, 2.5, 35.8518
7836, 2.5, 35.8592
7844, 2.5, 35.8934
7850, 2.5, 35.9018
7866, 2.5, 35.93
7880, 2.5, 35.9559
7883, 2.5, 35.9643
7899, 2.5, 36.0042
7901, 2.5, 36.009
7916, 2.5, 36.0464
7920, 2.5, 36.054
7928, 2.5, 36.0757
7934, 2.5, 36.0814
7946, 2.5, 36.1107
7950, 2.5, 36.1247
7965, 2.5, 36.1503
7974, 2.5, 36.1724
7978, 2.5, 36.1777
7993, 2.5, 36.2108
8004, 2.5, 36.2279
8007, 2.5, 36.2372
8009, 2.5, 36.2452
8020, 2.5, 36.2702
8026, 2.5, 36.2813
8035, 2.5, 36.3034
8049, 2.5, 36.3395
8055, 2.5, 36.3505
8064, 2.5, 36.3701
8075, 2.5, 36.4005
8080, 2.5, 36.4044
8093, 2.5, 36.4246
8097, 2.5, 36.4468
8114, 2.5, 36.4775
8115, 2.5, 36.4815
8133, 2.5, 36.5277
8137, 2.5, 36.5345
8143, 2.5, 36.5453
8153, 2.5, 36.5757
8162, 2.5, 36.591
8179, 2.5, 36.6237
8182, 2.5, 36.626
8195, 2.5, 36.6482
8203, 2.5, 36.6721
8224, 2.5, 36.7139
8225, 2.5, 36.7172
8237, 2.5, 36.7383
8244, 2.5, 36.7588
8259, 2.5, 36.7962
8263, 2.5, 36.8051
8273, 2.5, 36.8199
8279, 2.5, 36.8325
8289, 2.5, 36.8527
8295, 2.5, 36.8702
8300, 2.5, 36.8815
8309, 2.5, 36.9023
8316, 2.5, 36.9163
8329, 2.5, 36.9439
8336, 2.5, 36.9597
8340, 2.5, 36.9666
8349, 2.5, 36.99
8360, 2.5, 37.0176
8366, 2.5, 37.0381
8372, 2.5, 37.0481
8377, 2.5, 37.0603
8390, 2.5, 37.0827
8396, 2.5, 37.0946
8406, 2.5, 37.1139
8413, 2.5, 37.1323
8427, 2.5, 37.1684
8434, 2.5, 37.1882
8441, 2.5, 37.203
8457, 2.5, 37.2472
8459, 2.5, 37.2496
8468, 2.5, 37.2703
8472, 2.5, 37.2853
8482, 2.5, 37.3023
8495, 2.5, 37.3324
8503, 2.5, 37.3521
8522, 2.5, 37.3878
8527, 2.5, 37.4037
8535, 2.5, 37.4177
8542, 2.5, 37.4352
8554, 2.5, 37.4627
8561, 2.5, 37.4735
8568, 2.5, 37.4895
8573, 2.5, 37.5069
8582, 2.5, 37.5307
8588, 2.5, 37.5439
8612, 2.5, 37.5962
8614, 2.5, 37.6014
8617, 2.5, 37.6062
8636, 2.5, 37.6433
8643, 2.5, 37.6662
8647, 2.5, 37.6756
8659, 2.5, 37.706
8667, 2.5, 37.7253
8674, 2.5, 37.7476
8678, 2.5, 37.7601
8702, 2.5, 37.8129
8703, 2.5, 37.8144
8712, 2.5, 37.8359
8726, 2.5, 37.8698
8728, 2.5, 37.8744
8740, 2.5, 37.9025
8750, 2.5, 37.9218
8754, 2.5, 37.9314
8759, 2.5, 37.9464
8768, 2.5, 37.9666
8770, 2.5, 37.9782
8784, 2.5, 38.008
8795, 2.5, 38.0243
8805, 2.5, 38.0571
8813, 2.5, 38.0721
8824, 2.5, 38.0964
8827, 2.5, 38.108
8840, 2.5, 38.1352
8846, 2.5, 38.1501
8861, 2.5, 38.1793
8864, 2.5, 38.1899
8874, 2.5, 38.2121
8878, 2.5, 38.2226
8880, 2.5, 38.2285
8890, 2.5, 38.2501
8901, 2.5, 38.2733
8919, 2.5, 38.3122
8923, 2.5, 38.3174
8928, 2.5, 38.3343
8938, 2.5, 38.3525
8942, 2.5, 38.364
8954, 2.5, 38.3971
8959, 2.5, 38.4121
8968, 2.5, 38.4291
8977, 2.5, 38.4466
8985, 2.5, 38.4707
9003, 2.5, 38.5096
9012, 2.5, 38.523
9016, 2.5, 38.5337
9027, 2.5, 38.558
9029, 2.5, 38.5608
9036, 2.5, 38.5866
9046, 2.5, 38.6119
9049, 2.5, 38.6244
9059, 2.5, 38.6541
9072, 2.5, 38.6851
9086, 2.5, 38.7105
9101, 2.5, 38.7486
9110, 2.5, 38.7784
9121, 2.5, 38.8004
9130, 2.5, 38.8226
9134, 2.5, 38.8314
9137, 2.5, 38.8366
9143, 2.5, 38.8497
9156, 2.5, 38.8839
9164, 2.5, 38.9105
9177, 2.5, 38.9371
9184, 2.5, 38.9518
9193, 2.5, 38.9753
9199, 2.5, 38.984
9209, 2.5, 39.0104
9210, 2.5, 39.0127
9221, 2.5, 39.0419
9225, 2.5, 39.0474
9246, 2.5, 39.103
9254, 2.5, 39.1127
9265, 2.5, 39.1413
9271, 2.5, 39.153
9282, 2.5, 39.1786
9294, 2.5, 39.2156
9295, 2.5, 39.2194
9301, 2.5, 39.2321
9317, 2.5, 39.2752
9321, 2.5, 39.2794
9324, 2.5, 39.2906
9342, 2.5, 39.3388
9345, 2.5, 39.351
9357, 2.5, 39.3745
9369, 2.5, 39.4136
9380, 2.5, 39.4323
9387, 2.5, 39.4484
9400, 2.5, 39.4794
9404, 2.5, 39.4885
9407, 2.5, 39.4997
9420, 2.5, 39.5317
9428, 2.5, 39.5498
9435, 2.5, 39.5645
9442, 2.5, 39.5946
9448, 2.5, 39.6094
9461, 2.5, 39.6314
9469, 2.5, 39.6498
9475, 2.5, 39.6623
9497, 2.5, 39.7252
9508, 2.5, 39.7477
9518, 2.5, 39.7744
9523, 2.5, 39.7889
9528, 2.5, 39.8009
9534, 2.5, 39.815
9537, 2.5, 39.8215
9545, 2.5, 39.842
9548, 2.5, 39.8545
9555, 2.5, 39.8717
9565, 2.5, 39.8999
9576, 2.5, 39.9202
9588, 2.5, 39.9625
9597, 2.5, 39.9818
9606, 2.5, 40.0009
9609, 2.5, 40.0125
9616, 2.5, 40.0378
9621, 2.5, 40.0459
9637, 2.5, 40.0757
9646, 2.5, 40.102
9651, 2.5, 40.1119
9667, 2.5, 40.1572
9674, 2.5, 40.1734
9682, 2.5, 40.1952
9696, 2.5, 40.2223
9701, 2.5, 40.2461
9716, 2.5, 40.2763
9722, 2.5, 40.2904
9731, 2.5, 40.3176
9741, 2.5, 40.3435
9743, 2.5, 40.3529
9757, 2.5, 40.387
9763, 2.5, 40.4088
9764, 2.5, 40.4114
9779, 2.5, 40.4449
9791, 2.5, 40.4768
9796, 2.5, 40.4905
9804, 2.5, 40.5048
9819, 2.5, 40.5374
9821, 2.5, 40.5395
9832, 2.5, 40.5831
9838, 2.5, 40.6011
9847, 2.5, 40.631
9864, 2.5, 40.6689
9867, 2.5, 40.6733
9880, 2.5, 40.7138
9883, 2.5, 40.7155
9888, 2.5, 40.7237
9907, 2.5, 40.7691
9911, 2.5, 40.7951
9921, 2.5, 40.825
9925, 2.5, 40.8371
9931, 2.5, 40.8496
9945, 2.5, 40.8798
9952, 2.5, 40.9007
9957, 2.5, 40.9208
9960, 2.5, 40.9309
9971, 2.5, 40.9589
9982, 2.5, 40.985
9989, 2.5, 40.9968
9992, 2.5, 41.0001
10010, 2.5, 41.062
10014, 2.5, 41.0708
10018, 2.5, 41.0826
10043, 2.5, 41.1456
10053, 2.5, 41.1739
10063, 2.5, 41.2049
10067, 2.5, 41.2107
10076, 2.5, 41.2355
10081, 2.5, 41.2551
10086, 2.5, 41.2738
10099, 2.5, 41.3
10108, 2.5, 41.3342
10111, 2.5, 41.338
10127, 2.5, 41.3965
10136, 2.5, 41.417
10137, 2.5, 41.4225
10161, 2.5, 41.4852
10163, 2.5, 41.4875
10175, 2.5, 41.5234
10182, 2.5, 41.5372
10189, 2.5, 41.5674
10195, 2.5, 41.5844
10206, 2.5, 41.6053
10211, 2.5, 41.6231
10222, 2.5, 41.6456
10231, 2.5, 41.6789
10241, 2.5, 41.7103
10248, 2.5, 41.7351
10255, 2.5, 41.7489
10266, 2.5, 41.7862
10273, 2.5, 41.8202
10286, 2.5, 41.8439
10294, 2.5, 41.8702
10300, 2.5, 41.8869
10309, 2.5, 41.9078
10318, 2.5, 41.9319
10331, 2.5, 41.9753
10337, 2.5, 41.9904
10341, 2.5, 42.0022
10350, 2.5, 42.0327
10358, 2.5, 42.0589
10362, 2.5, 42.0637
10378, 2.5, 42.1254
10388, 2.5, 42.1549
10401, 2.5, 42.1952
10414, 2.5, 42.2267
10429, 2.5, 42.264
10433, 2.5, 42.2754
10439, 2.5, 42.3
10445, 2.5, 42.3164
10446, 2.5, 42.3292
10466, 2.5, 42.3816
10471, 2.5, 42.4013
10487, 2.5, 42.438
10492, 2.5, 42.4572
10496, 2.5, 42.4645
10512, 2.5, 42.5157
10516, 2.5, 42.5295
10524, 2.5, 42.5409
10533, 2.5, 42.5836
10541, 2.5, 42.6211
10551, 2.5, 42.6553
10554, 2.5, 42.6587
10560, 2.5, 42.6703
10572, 2.5, 42.7059
10575, 2.5, 42.7138
10586, 2.5, 42.7394
10595, 2.5, 42.7679
10616, 2.5, 42.8347
10622, 2.5, 42.8575
10633, 2.5, 42.8994
10637, 2.5, 42.9139
10649, 2.5, 42.944
10655, 2.5, 42.962
10659, 2.5, 42.9764
10672, 2.5, 43.0126
10682, 2.5, 43.0366
10691, 2.5, 43.0626
10699, 2.5, 43.0901
10704, 2.5, 43.1222
10706, 2.5, 43.1347
10723, 2.5, 43.1977
10729, 2.5, 43.2143
10737, 2.5, 43.2411
10746, 2.5, 43.2691
10755, 2.5, 43.2997
10759, 2.5, 43.3096
10764, 2.5, 43.3273
10778, 2.5, 43.367
10780, 2.5, 43.3779
10793, 2.5, 43.4226
10798, 2.5, 43.4486
10811, 2.5, 43.4826
10819, 2.5, 43.515
10827, 2.5, 43.5415
10836, 2.5, 43.5728
10849, 2.5, 43.6138
10855, 2.5, 43.6324
10875, 2.5, 43.6975
10882, 2.5, 43.7257
10883, 2.5, 43.7281
10893, 2.5, 43.753
10907, 2.5, 43.8058
10913, 2.5, 43.8193
10928, 2.5, 43.8645
10930, 2.5, 43.8705
10941, 2.5, 43.915
10950, 2.5, 43.937
10956, 2.5, 43.9641
10971, 2.5, 44.0148
10976, 2.5, 44.0328
10986, 2.5, 44.0626
10997, 2.5, 44.098
11003, 2.5, 44.1243
11008, 2.5, 44.1479
11024, 2.5, 44.2082
11027, 2.5, 44.2228
11032, 2.5, 44.2418
11041, 2.5, 44.2705
11052, 2.5, 44.3052
11063, 2.5, 44.356
11077, 2.5, 44.4098
11081, 2.5, 44.4235
11087, 2.5, 44.448
11093, 2.5, 44.4628
11098, 2.5, 44.4846
11106, 2.5, 44.5109
11118, 2.5, 44.5509
11122, 2.5, 44.5704
11135, 2.5, 44.6245
11148, 2.5, 44.6707
11161, 2.5, 44.7117
11164, 2.5, 44.7233
11170, 2.5, 44.7519
11181, 2.5, 44.7905
11183, 2.5, 44.794
11194, 2.5, 44.8243
11203, 2.5, 44.8633
11211, 2.5, 44.8851
11219, 2.5, 44.9227
11236, 2.5, 44.9807
11239, 2.5, 45.0025
11244, 2.5, 45.0266
11255, 2.5, 45.065
11265, 2.5, 45.0953
11274, 2.5, 45.1323
11290, 2.5, 45.195
11299, 2.5, 45.2242
11307, 2.5, 45.2516
11317, 2.5, 45.3
11325, 2.5, 45.3233
11337, 2.5, 45.3599
11348, 2.5, 45.4079
11356, 2.5, 45.4345
11357, 2.5, 45.4425
11368, 2.5, 45.4802
11373, 2.5, 45.5008
11385, 2.5, 45.5604
11389, 2.5, 45.5781
11397, 2.5, 45.6054
11405, 2.5, 45.6271
11414, 2.5, 45.6541
11429, 2.5, 45.7299
11432, 2.5, 45.7411
11438, 2.5, 45.7541
11444, 2.5, 45.7806
11456, 2.5, 45.8263
11472, 2.5, 45.8869
11479, 2.5, 45.9114
11484, 2.5, 45.9346
11492, 2.5, 45.9603
11507, 2.5, 46.0245
11515, 2.5, 46.05
11527, 2.5, 46.095
11535, 2.5, 46.1379
11539, 2.5, 46.1636
11546, 2.5, 46.1895
11556, 2.5, 46.239
11562, 2.5, 46.2648
11579, 2.5, 46.3315
11581, 2.5, 46.3433
11591, 2.5, 46.3741
11601, 2.5, 46.415
11611, 2.5, 46.4593
11617, 2.5, 46.4803
11628, 2.5, 46.535
11638, 2.5, 46.5575
11649, 2.5, 46.6205
11658, 2.5, 46.6578
11666, 2.5, 46.6954
11676, 2.5, 46.7431
11680, 2.5, 46.7542
11697, 2.5, 46.8197
11701, 2.5, 46.8447
11720, 2.5, 46.9334
11721, 2.5, 46.9376
11736, 2.5, 47.0237
11739, 2.5, 47.039
11750, 2.5, 47.0933
11758, 2.5, 47.1356
11762, 2.5, 47.1567
11769, 2.5, 47.1832
11778, 2.5, 47.2511
11780, 2.5, 47.256
11791, 2.5, 47.2983
11800, 2.5, 47.3442
11810, 2.5, 47.3751
11821, 2.5, 47.4295
11828, 2.5, 47.4576
11832, 2.5, 47.4944
11840, 2.5, 47.5408
11855, 2.5, 47.6085
11867, 2.5, 47.6727
11875, 2.5, 47.7086
11880, 2.5, 47.7401
11889, 2.5, 47.7872
11899, 2.5, 47.8155
11906, 2.5, 47.8799
11917, 2.5, 47.9222
11921, 2.5, 47.9557
11929, 2.5, 48.005
11935, 2.5, 48.0461
11946, 2.5, 48.0903
11957, 2.5, 48.1341
11962, 2.5, 48.1756
11964, 2.5, 48.1944
11966, 2.5, 48.2135
11979, 2.5, 48.2647
12001, 2.5, 48.3813
12014, 2.5, 48.4556
12017, 2.5, 48.4771
12026, 2.5, 48.5247
12034, 2.5, 48.5565
12049, 2.5, 48.6427
12054, 2.5, 48.6831
12069, 2.5, 48.7544
12072, 2.5, 48.7797
12085, 2.5, 48.8326
12088, 2.5, 48.8597
12095, 2.5, 48.8969
12099, 2.5, 48.914
12111, 2.5, 49.0039
12113, 2.5, 49.0191
12125, 2.5, 49.0917
12139, 2.5, 49.1683
12143, 2.5, 49.2046
12151, 2.5, 49.2439
12160, 2.5, 49.2966
12184, 2.5, 49.4241
12188, 2.5, 49.4543
12194, 2.5, 49.4968
12204, 2.5, 49.5516
12212, 2.5, 49.6066
12223, 2.5, 49.6714
12226, 2.5, 49.689
12238, 2.5, 49.774
12242, 2.5, 49.7934
12246, 2.5, 49.8262
12262, 2.5, 49.9072
12278, 2.5, 50.0416
12283, 2.5, 50.0881
12289, 2.5, 50.115
12294, 2.5, 50.1439
12303, 2.5, 50.2068
12313, 2.5, 50.2851
12315, 2.5, 50.3056
12333, 2.5, 50.4383
12344, 2.5, 50.5382
12353, 2.5, 50.5826
12369, 2.5, 50.6704
12371, 2.5, 50.6961
12373, 2.5, 50.7201
12385, 2.5, 50.8167
12393, 2.5, 50.8883
12401, 2.5, 50.9559
12414, 2.5, 51.0315
12418, 2.5, 51.0659
12430, 2.5, 51.1654
12437, 2.5, 51.2085
12441, 2.5, 51.2753
12454, 2.5, 51.373
12462, 2.5, 51.4446
12471, 2.5, 51.5283
12478, 2.5, 51.5688
12483, 2.5, 51.6136
12488, 2.5, 51.6541
12496, 2.5, 51.7012
12508, 2.5, 51.8249
12520, 2.5, 51.9745
12523, 2.5, 51.9861
12531, 2.5, 52.0569
12544, 2.5, 52.1544
12560, 2.5, 52.3213
12563, 2.5, 52.3584
12566, 2.5, 52.3915
12571, 2.5, 52.4516
12585, 2.5, 52.5756
12599, 2.5, 52.7062
12604, 2.5, 52.7749
12618, 2.5, 52.9032
12619, 2.5, 52.9157
12633, 2.5, 53.049
12639, 2.5, 53.1163
12659, 2.5, 53.3562
12669, 2.5, 53.5023
12670, 2.5, 53.5046
12674, 2.5, 53.5606
12683, 2.5, 53.656
12698, 2.5, 53.8164
12712, 2.5, 54.015
12718, 2.5, 54.0696
12729, 2.5, 54.1859
12731, 2.5, 54.2242
12736, 2.5, 54.2945
12748, 2.5, 54.4507
12757, 2.5, 54.5719
12759, 2.5, 54.6014
12774, 2.5, 54.8046
12782, 2.5, 54.9382
12793, 2.5, 55.0908
12808, 2.5, 55.3155
12814, 2.5, 55.4048
12824, 2.5, 55.592
12831, 2.5, 55.6692
12839, 2.5, 55.825
12844, 2.5, 56.0357
12853, 2.5, 56.228
12858, 2.5, 56.349
12869, 2.5, 56.5339
12875, 2.5, 56.7551
12890, 2.5, 57.0624
12897, 2.5, 57.2267
12910, 2.5, 57.6258
12913, 2.5, 57.6949
12929, 2.5, 58.1161
12938, 2.5, 58.3717
12949, 2.5, 58.8001
12953, 2.5, 58.8948
12963, 2.5, 59.3673
12977, 2.5, 60.1622
12980, 2.5, 60.3144
12993, 2.5, 61.101
13012, 2.5, 63.5981
13015, 2.5, 64.5978
13023, 2.5, 66.4535
