4, 2.5, 2.34266
13, 2.5, 4.33299
15, 2.5, 4.69576
19, 2.5, 5.00977
24, 2.5, 5.3307
28, 2.5, 5.83332
36, 2.5, 6.22396
45, 2.5, 6.85303
48, 2.5, 6.91906
54, 2.5, 7.14276
55, 2.5, 7.21992
60, 2.5, 7.43194
69, 2.5, 7.86345
73, 2.5, 7.97515
76, 2.5, 8.23574
82, 2.5, 8.38848
85, 2.5, 8.57101
95, 2.5, 8.8868
100, 2.5, 8.97303
102, 2.5, 9.047
109, 2.5, 9.23811
112, 2.5, 9.35982
116, 2.5, 9.42535
122, 2.5, 9.50662
128, 2.5, 9.65347
133, 2.5, 9.86324
135, 2.5, 9.92228
141, 2.5, 10.0313
150, 2.5, 10.1495
153, 2.5, 10.2191
156, 2.5, 10.2908
157, 2.5, 10.3141
167, 2.5, 10.505
173, 2.5, 10.6394
175, 2.5, 10.7319
182, 2.5, 10.8524
188, 2.5, 10.9146
192, 2.5, 11.0249
194, 2.5, 11.0776
200, 2.5, 11.1659
207, 2.5, 11.2771
215, 2.5, 11.3989
220, 2.5, 11.4923
227, 2.5, 11.5381
231, 2.5, 11.6517
236, 2.5, 11.7129
242, 2.5, 11.8116
249, 2.5, 11.8969
252, 2.5, 11.9718
255, 2.5, 12.0174
258, 2.5, 12.0756
260, 2.5, 12.1145
269, 2.5, 12.2411
272, 2.5, 12.2659
284, 2.5, 12.4226
291, 2.5, 12.5034
297, 2.5, 12.5577
300, 2.5, 12.6052
302, 2.5, 12.6428
317, 2.5, 12.7919
320, 2.5, 12.8522
322, 2.5, 12.8684
327, 2.5, 12.922
331, 2.5, 12.9734
338, 2.5, 13.0445
345, 2.5, 13.1039
350, 2.5, 13.1883
354, 2.5, 13.2434
362, 2.5, 13.3005
369, 2.5, 13.3943
371, 2.5, 13.4225
375, 2.5, 13.4636
382, 2.5, 13.5257
386, 2.5, 13.5619
393, 2.5, 13.6481
398, 2.5, 13.6941
406, 2.5, 13.8033
408, 2.5, 13.8135
411, 2.5, 13.8267
415, 2.5, 13.8558
422, 2.5, 13.924
425, 2.5, 13.9857
429, 2.5, 14.0181
439, 2.5, 14.0977
442, 2.5, 14.1247
450, 2.5, 14.209
456, 2.5, 14.2834
459, 2.5, 14.3017
460, 2.5, 14.3113
469, 2.5, 14.3793
471, 2.5, 14.4106
476, 2.5, 14.4444
483, 2.5, 14.4972
493, 2.5, 14.5652
494, 2.5, 14.5774
500, 2.5, 14.6451
509, 2.5, 14.7077
514, 2.5, 14.7544
519, 2.5, 14.8067
524, 2.5, 14.8323
531, 2.5, 14.8924
534, 2.5, 14.9185
539, 2.5, 14.9704
544, 2.5, 15.0131
550, 2.5, 15.0641
555, 2.5, 15.0909
562, 2.5, 15.1549
568, 2.5, 15.1891
574, 2.5, 15.2593
576, 2.5, 15.2698
585, 2.5, 15.3166
589, 2.5, 15.3594
595, 2.5, 15.4114
599, 2.5, 15.4527
606, 2.5, 15.5133
614, 2.5, 15.5649
618, 2.5, 15.5864
628, 2.5, 15.6383
630, 2.5, 15.6593
635, 2.5, 15.704
643, 2.5, 15.7406
644, 2.5, 15.7473
653, 2.5, 15.8286
662, 2.5, 15.9053
667, 2.5, 15.9498
676, 2.5, 16.0234
682, 2.5, 16.0595
689, 2.5, 16.1065
693, 2.5, 16.1206
697, 2.5, 16.1425
702, 2.5, 16.173
707, 2.5, 16.2139
710, 2.5, 16.2279
714, 2.5, 16.275
718, 2.5, 16.2984
727, 2.5, 16.3395
733, 2.5, 16.3804
741, 2.5, 16.4399
745, 2.5, 16.4509
752, 2.5, 16.4991
755, 2.5, 16.5072
763, 2.5, 16.5718
768, 2.5, 16.5824
780, 2.5, 16.653
784, 2.5, 16.6758
789, 2.5, 16.7254
800, 2.5, 16.7827
803, 2.5, 16.8008
808, 2.5, 16.8453
813, 2.5, 16.8638
819, 2.5, 16.8993
828, 2.5, 16.9544
832, 2.5, 16.9734
838, 2.5, 17.0149
845, 2.5, 17.0511
848, 2.5, 17.0698
854, 2.5, 17.1052
859, 2.5, 17.1425
866, 2.5, 17.1868
872, 2.5, 17.2117
873, 2.5, 17.216
875, 2.5, 17.2355
881, 2.5, 17.2549
886, 2.5, 17.3098
891, 2.5, 17.3341
897, 2.5, 17.3672
901, 2.5, 17.3809
906, 2.5, 17.4057
909, 2.5, 17.4223
918, 2.5, 17.4759
927, 2.5, 17.523
930, 2.5, 17.5456
936, 2.5, 17.5896
944, 2.5, 17.6251
948, 2.5, 17.6414
955, 2.5, 17.6948
959, 2.5, 17.7041
964, 2.5, 17.7372
972, 2.5, 17.7651
977, 2.5, 17.7892
985, 2.5, 17.8421
989, 2.5, 17.8622
993, 2.5, 17.8828
998, 2.5, 17.9105
1008, 2.5, 17.958
1014, 2.5, 17.9894
1020, 2.5, 18.0189
1023, 2.5, 18.0482
1031, 2.5, 18.0859
1035, 2.5, 18.1081
1037, 2.5, 18.1242
1045, 2.5, 18.1526
1050, 2.5, 18.1733
1056, 2.5, 18.2024
1060, 2.5, 18.2399
1067, 2.5, 18.2661
1070, 2.5, 18.273
1082, 2.5, 18.3447
1087, 2.5, 18.3595
1088, 2.5, 18.3626
1100, 2.5, 18.4256
1103, 2.5, 18.4512
1108, 2.5, 18.466
1115, 2.5, 18.5094
1120, 2.5, 18.5228
1127, 2.5, 18.5659
1129, 2.5, 18.58
1135, 2.5, 18.6063
1144, 2.5, 18.6464
1150, 2.5, 18.6814
1151, 2.5, 18.6919
1158, 2.5, 18.7166
1161, 2.5, 18.739
1171, 2.5, 18.7836
1182, 2.5, 18.8456
1185, 2.5, 18.8548
1197, 2.5, 18.9088
1198, 2.5, 18.9222
1204, 2.5, 18.94
1207, 2.5, 18.9578
1211, 2.5, 18.9747
1216, 2.5, 18.9963
1226, 2.5, 19.0421
1228, 2.5, 19.0505
1237, 2.5, 19.0908
1245, 2.5, 19.1279
1250, 2.5, 19.147
1257, 2.5, 19.1794
1267, 2.5, 19.2168
1271, 2.5, 19.23
1279, 2.5, 19.2554
1282, 2.5, 19.2678
1284, 2.5, 19.2877
1288, 2.5, 19.3116
1306, 2.5, 19.3678
1307, 2.5, 19.3874
1311, 2.5, 19.4055
1315, 2.5, 19.4223
1323, 2.5, 19.445
1331, 2.5, 19.4899
1339, 2.5, 19.5203
1343, 2.5, 19.5353
1348, 2.5, 19.5553
1352, 2.5, 19.5826
1361, 2.5, 19.6186
1365, 2.5, 19.6336
1375, 2.5, 19.6557
1379, 2.5, 19.6712
1381, 2.5, 19.6822
1387, 2.5, 19.7206
1397, 2.5, 19.7586
1402, 2.5, 19.7973
1407, 2.5, 19.8139
1409, 2.5, 19.8217
1414, 2.5, 19.8411
1421, 2.5, 19.8801
1428, 2.5, 19.8986
1434, 2.5, 19.9385
1443, 2.5, 19.9734
1448, 2.5, 19.9876
1454, 2.5, 20.0065
1460, 2.5, 20.0364
1462, 2.5, 20.0515
1468, 2.5, 20.0775
1476, 2.5, 20.1041
1481, 2.5, 20.1159
1484, 2.5, 20.1333
1503, 2.5, 20.2164
1506, 2.5, 20.2296
1513, 2.5, 20.2544
1518, 2.5, 20.2703
1520, 2.5, 20.2793
1530, 2.5, 20.3193
1536, 2.5, 20.3479
1537, 2.5, 20.3518
1539, 2.5, 20.3582
1546, 2.5, 20.3786
1554, 2.5, 20.4124
1558, 2.5, 20.4246
1564, 2.5, 20.4451
1573, 2.5, 20.4747
1574, 2.5, 20.481
1576, 2.5, 20.4906
1588, 2.5, 20.5262
1590, 2.5, 20.5403
1596, 2.5, 20.5607
1602, 2.5, 20.5868
1608, 2.5, 20.6231
1612, 2.5, 20.634
1623, 2.5, 20.6811
1626, 2.5, 20.6914
1631, 2.5, 20.7167
1641, 2.5, 20.7436
1651, 2.5, 20.7864
1656, 2.5, 20.7988
1657, 2.5, 20.8038
1665, 2.5, 20.8262
1672, 2.5, 20.8584
1684, 2.5, 20.8878
1685, 2.5, 20.8935
1689, 2.5, 20.9092
1705, 2.5, 20.967
1708, 2.5, 20.9786
1710, 2.5, 20.999
1716, 2.5, 21.0161
1720, 2.5, 21.038
1724, 2.5, 21.0574
1731, 2.5, 21.0877
1733, 2.5, 21.0992
1741, 2.5, 21.1331
1744, 2.5, 21.1369
1755, 2.5, 21.1749
1760, 2.5, 21.1895
1762, 2.5, 21.1923
1768, 2.5, 21.2142
1781, 2.5, 21.2522
1784, 2.5, 21.2632
1788, 2.5, 21.2772
1792, 2.5, 21.2862
1803, 2.5, 21.3353
1806, 2.5, 21.3522
1807, 2.5, 21.361
1815, 2.5, 21.3853
1822, 2.5, 21.3996
1826, 2.5, 21.4216
1831, 2.5, 21.4347
1840, 2.5, 21.4711
1851, 2.5, 21.504
1856, 2.5, 21.5296
1861, 2.5, 21.5458
1866, 2.5, 21.5549
1875, 2.5, 21.5879
1880, 2.5, 21.6078
1881, 2.5, 21.6113
1888, 2.5, 21.643
1896, 2.5, 21.6631
1900, 2.5, 21.6798
1904, 2.5, 21.6899
1909, 2.5, 21.717
1913, 2.5, 21.7281
1924, 2.5, 21.7649
1928, 2.5, 21.7779
1931, 2.5, 21.7849
1938, 2.5, 21.8053
1945, 2.5, 21.8264
1957, 2.5, 21.8646
1960, 2.5, 21.8836
1962, 2.5, 21.8867
1968, 2.5, 21.9041
1974, 2.5, 21.926
1979, 2.5, 21.9484
1984, 2.5, 21.9626
1993, 2.5, 21.9901
2003, 2.5, 22.0244
2010, 2.5, 22.0423
2020, 2.5, 22.081
2024, 2.5, 22.093
2028, 2.5, 22.1037
2032, 2.5, 22.1184
2042, 2.5, 22.1509
2048, 2.5, 22.1722
2052, 2.5, 22.186
2061, 2.5, 22.212
2068, 2.5, 22.2359
2072, 2.5, 22.2502
2077, 2.5, 22.2697
2082, 2.5, 22.287
2086, 2.5, 22.3027
2090, 2.5, 22.311
2093, 2.5, 22.3241
2103, 2.5, 22.3608
2110, 2.5, 22.3817
2115, 2.5, 22.4012
2127, 2.5, 22.4377
2135, 2.5, 22.4576
2140, 2.5, 22.4769
2143, 2.5, 22.4917
2148, 2.5, 22.5081
2154, 2.5, 22.5236
2159, 2.5, 22.5408
2170, 2.5, 22.5699
2172, 2.5, 22.5769
2176, 2.5, 22.5854
2182, 2.5, 22.6094
2192, 2.5, 22.6435
2194, 2.5, 22.6469
2198, 2.5, 22.6609
2203, 2.5, 22.6729
2211, 2.5, 22.6959
2218, 2.5, 22.7199
2232, 2.5, 22.7621
2238, 2.5, 22.7789
2245, 2.5, 22.8036
2247, 2.5, 22.8099
2255, 2.5, 22.8429
2257, 2.5, 22.853
2267, 2.5, 22.8819
2270, 2.5, 22.8901
2279, 2.5, 22.9119
2291, 2.5, 22.9554
2294, 2.5, 22.9653
2299, 2.5, 22.9855
2304, 2.5, 22.9927
2314, 2.5, 23.0183
2320, 2.5, 23.0401
2323, 2.5, 23.0456
2330, 2.5, 23.0708
2335, 2.5, 23.0868
2340, 2.5, 23.1016
2351, 2.5, 23.1461
2354, 2.5, 23.1572
2358, 2.5, 23.1674
2362, 2.5, 23.1792
2370, 2.5, 23.2003
2376, 2.5, 23.2186
2378, 2.5, 23.2283
2381, 2.5, 23.2373
2388, 2.5, 23.2478
2404, 2.5, 23.2956
2408, 2.5, 23.3171
2419, 2.5, 23.3439
2423, 2.5, 23.3518
2424, 2.5, 23.359
2429, 2.5, 23.3853
2436, 2.5, 23.4022
2440, 2.5, 23.4164
2446, 2.5, 23.4257
2453, 2.5, 23.448
2458, 2.5, 23.4669
2461, 2.5, 23.4818
2478, 2.5, 23.5345
2485, 2.5, 23.5514
2489, 2.5, 23.5633
2496, 2.5, 23.5803
2502, 2.5, 23.598
2503, 2.5, 23.6093
2512, 2.5, 23.6327
2516, 2.5, 23.6478
2519, 2.5, 23.6539
2532, 2.5, 23.6948
2540, 2.5, 23.7193
2543, 2.5, 23.7293
2547, 2.5, 23.7419
2548, 2.5, 23.7447
2552, 2.5, 23.7567
2560, 2.5, 23.778
2565, 2.5, 23.7858
2575, 2.5, 23.8117
2580, 2.5, 23.8343
2586, 2.5, 23.8507
2591, 2.5, 23.8647
2594, 2.5, 23.8757
2603, 2.5, 23.8963
2620, 2.5, 23.9408
2622, 2.5, 23.9495
2632, 2.5, 23.9782
2636, 2.5, 23.993
2641, 2.5, 24.0156
2643, 2.5, 24.0245
2654, 2.5, 24.0477
2655, 2.5, 24.0513
2664, 2.5, 24.0737
2677, 2.5, 24.1136
2680, 2.5, 24.1254
2682, 2.5, 24.1403
2686, 2.5, 24.1479
2696, 2.5, 24.1719
2699, 2.5, 24.1828
2705, 2.5, 24.2066
2712, 2.5, 24.2236
2725, 2.5, 24.2572
2728, 2.5, 24.2629
2730, 2.5, 24.2695
2735, 2.5, 24.2853
2737, 2.5, 24.2901
2743, 2.5, 24.3099
2751, 2.5, 24.34
2758, 2.5, 24.3566
2763, 2.5, 24.3653
2769, 2.5, 24.3914
2775, 2.5, 24.4101
2782, 2.5, 24.4269
2788, 2.5, 24.4427
2793, 2.5, 24.4556
2802, 2.5, 24.4795
2812, 2.5, 24.5032
2818, 2.5, 24.5256
2823, 2.5, 24.5388
2827, 2.5, 24.5503
2834, 2.5, 24.5688
2838, 2.5, 24.5834
2840, 2.5, 24.593
2848, 2.5, 24.608
2859, 2.5, 24.6395
2864, 2.5, 24.654
2867, 2.5, 24.661
2877, 2.5, 24.6864
2880, 2.5, 24.6987
2882, 2.5, 24.7036
2887, 2.5, 24.7143
2899, 2.5, 24.7446
2905, 2.5, 24.7611
2907, 2.5, 24.7654
2914, 2.5, 24.7897
2922, 2.5, 24.8233
2928, 2.5, 24.8351
2932, 2.5, 24.8451
2947, 2.5, 24.8713
2952, 2.5, 24.88
2954, 2.5, 24.8916
2959, 2.5, 24.9092
2966, 2.5, 24.9318
2975, 2.5, 24.954
2979, 2.5, 24.963
2984, 2.5, 24.9705
2993, 2.5, 24.996
3000, 2.5, 25.0183
3007, 2.5, 25.0371
3009, 2.5, 25.0399
3019, 2.5, 25.0796
3030, 2.5, 25.0976
3036, 2.5, 25.1028
3039, 2.5, 25.1101
3042, 2.5, 25.1208
3046, 2.5, 25.1367
3051, 2.5, 25.1485
3058, 2.5, 25.1672
3065, 2.5, 25.1874
3069, 2.5, 25.2034
3077, 2.5, 25.2288
3080, 2.5, 25.2323
3092, 2.5, 25.2608
3096, 2.5, 25.2697
3100, 2.5, 25.2832
3102, 2.5, 25.2889
3111, 2.5, 25.3132
3115, 2.5, 25.3217
3124, 2.5, 25.3469
3134, 2.5, 25.3645
3139, 2.5, 25.3781
3141, 2.5, 25.385
3151, 2.5, 25.4162
3155, 2.5, 25.4284
3158, 2.5, 25.4336
3163, 2.5, 25.448
3171, 2.5, 25.4698
3179, 2.5, 25.4852
3183, 2.5, 25.5052
3187, 2.5, 25.5112
3200, 2.5, 25.5497
3205, 2.5, 25.5614
3210, 2.5, 25.5713
3212, 2.5, 25.5789
3222, 2.5, 25.5995
3235, 2.5, 25.6307
3239, 2.5, 25.6505
3245, 2.5, 25.661
3250, 2.5, 25.6757
3256, 2.5, 25.6914
3263, 2.5, 25.7147
3267, 2.5, 25.725
3278, 2.5, 25.7538
3282, 2.5, 25.7612
3286, 2.5, 25.7733
3293, 2.5, 25.7922
3303, 2.5, 25.8103
3308, 2.5, 25.8249
3317, 2.5, 25.8515
3322, 2.5, 25.8617
3327, 2.5, 25.8788
3329, 2.5, 25.8872
3333, 2.5, 25.9004
3339, 2.5, 25.9132
3347, 2.5, 25.9373
3348, 2.5, 25.939
3357, 2.5, 25.9697
3360, 2.5, 25.9739
3365, 2.5, 25.9861
3372, 2.5, 26.0056
3381, 2.5, 26.0186
3385, 2.5, 26.0303
3396, 2.5, 26.0577
3399, 2.5, 26.0656
3405, 2.5, 26.0862
3410, 2.5, 26.0968
3414, 2.5, 26.107
3423, 2.5, 26.1354
3425, 2.5, 26.1388
3434, 2.5, 26.1536
3442, 2.5, 26.1774
3445, 2.5, 26.1888
3451, 2.5, 26.1994
3456, 2.5, 26.2091
3462, 2.5, 26.2278
3464, 2.5, 26.2398
3474, 2.5, 26.2655
3478, 2.5, 26.2783
3484, 2.5, 26.3024
3487, 2.5, 26.3099
3499, 2.5, 26.333
3505, 2.5, 26.3576
3514, 2.5, 26.3727
3517, 2.5, 26.3803
3520, 2.5, 26.3891
3528, 2.5, 26.4082
3534, 2.5, 26.4272
3538, 2.5, 26.4321
3547, 2.5, 26.4577
3552, 2.5, 26.4623
3561, 2.5, 26.4932
3571, 2.5, 26.5122
3576, 2.5, 26.521
3582, 2.5, 26.5393
3589, 2.5, 26.5499
3594, 2.5, 26.5606
3597, 2.5, 26.5711
3605, 2.5, 26.5931
3611, 2.5, 26.6059
3614, 2.5, 26.6115
3619, 2.5, 26.6283
3624, 2.5, 26.6441
3628, 2.5, 26.6494
3638, 2.5, 26.6663
3649, 2.5, 26.6958
3657, 2.5, 26.7164
3664, 2.5, 26.7446
3671, 2.5, 26.7613
3673, 2.5, 26.7673
3676, 2.5, 26.7788
3684, 2.5, 26.7935
3691, 2.5, 26.8151
3695, 2.5, 26.8232
3708, 2.5, 26.8439
3709, 2.5, 26.8518
3720, 2.5, 26.8806
3723, 2.5, 26.8897
3730, 2.5, 26.9016
3742, 2.5, 26.9246
3749, 2.5, 26.9397
3754, 2.5, 26.9552
3758, 2.5, 26.9635
3763, 2.5, 26.9768
3770, 2.5, 26.9894
3774, 2.5, 26.9986
3784, 2.5, 27.025
3791, 2.5, 27.04
3793, 2.5, 27.0437
3799, 2.5, 27.0553
3803, 2.5, 27.0711
3813, 2.5, 27.1004
3821, 2.5, 27.1126
3823, 2.5, 27.1164
3826, 2.5, 27.1348
3831, 2.5, 27.1405
3838, 2.5, 27.1593
3849, 2.5, 27.1799
3852, 2.5, 27.1857
3862, 2.5, 27.205
3864, 2.5, 27.2141
3874, 2.5, 27.2331
3882, 2.5, 27.2575
3886, 2.5, 27.268
3889, 2.5, 27.2772
3896, 2.5, 27.2948
3898, 2.5, 27.2992
3906, 2.5, 27.3133
3912, 2.5, 27.3249
3919, 2.5, 27.3432
3937, 2.5, 27.3758
3942, 2.5, 27.385
3949, 2.5, 27.4113
3953, 2.5, 27.4298
3958, 2.5, 27.4338
3964, 2.5, 27.4535
3967, 2.5, 27.4644
3978, 2.5, 27.4879
3983, 2.5, 27.5042
3990, 2.5, 27.5172
3994, 2.5, 27.5233
4007, 2.5, 27.5459
4014, 2.5, 27.5667
4018, 2.5, 27.5755
4019, 2.5, 27.5764
4032, 2.5, 27.6059
4037, 2.5, 27.6168
4043, 2.5, 27.632
4051, 2.5, 27.6487
4055, 2.5, 27.6601
4070, 2.5, 27.6887
4078, 2.5, 27.7039
4086, 2.5, 27.7245
4089, 2.5, 27.7328
4094, 2.5, 27.7388
4104, 2.5, 27.7683
4106, 2.5, 27.773
4117, 2.5, 27.7925
4122, 2.5, 27.7992
4125, 2.5, 27.8051
4132, 2.5, 27.8214
4139, 2.5, 27.8419
4149, 2.5, 27.8648
4151, 2.5, 27.8687
4161, 2.5, 27.8974
4166, 2.5, 27.9041
4170, 2.5, 27.9172
4178, 2.5, 27.9413
4183, 2.5, 27.9543
4186, 2.5, 27.9641
4198, 2.5, 27.987
4212, 2.5, 28.0168
4214, 2.5, 28.0204
4219, 2.5, 28.0281
4221, 2.5, 28.0372
4232, 2.5, 28.0636
4234, 2.5, 28.0739
4241, 2.5, 28.094
4253, 2.5, 28.1159
4264, 2.5, 28.1366
4266, 2.5, 28.1455
4270, 2.5, 28.1545
4278, 2.5, 28.1718
4284, 2.5, 28.1864
4288, 2.5, 28.1921
4296, 2.5, 28.2027
4306, 2.5, 28.2302
4308, 2.5, 28.2372
4310, 2.5, 28.2399
4320, 2.5, 28.2605
4332, 2.5, 28.289
4333, 2.5, 28.2911
4343, 2.5, 28.3099
4344, 2.5, 28.3189
4353, 2.5, 28.3381
4360, 2.5, 28.349
4363, 2.5, 28.3617
4371, 2.5, 28.3763
4378, 2.5, 28.3951
4382, 2.5, 28.4075
4387, 2.5, 28.4221
4395, 2.5, 28.4396
4406, 2.5, 28.4614
4407, 2.5, 28.4644
4411, 2.5, 28.4734
4418, 2.5, 28.4882
4424, 2.5, 28.4982
4432, 2.5, 28.5113
4438, 2.5, 28.5316
4443, 2.5, 28.5433
4452, 2.5, 28.5754
4455, 2.5, 28.5828
4458, 2.5, 28.588
4466, 2.5, 28.6105
4481, 2.5, 28.6369
4484, 2.5, 28.6421
4494, 2.5, 28.6704
4498, 2.5, 28.685
4510, 2.5, 28.7063
4513, 2.5, 28.7104
4521, 2.5, 28.7324
4523, 2.5, 28.7407
4526, 2.5, 28.7478
4536, 2.5, 28.7634
4538, 2.5, 28.7738
4552, 2.5, 28.7942
4555, 2.5, 28.8
4560, 2.5, 28.8085
4568, 2.5, 28.8278
4573, 2.5, 28.8395
4581, 2.5, 28.8566
4588, 2.5, 28.876
4593, 2.5, 28.8886
4606, 2.5, 28.9096
4610, 2.5, 28.9261
4620, 2.5, 28.9405
4625, 2.5, 28.9565
4627, 2.5, 28.9599
4633, 2.5, 28.9811
4638, 2.5, 28.9937
4642, 2.5, 29.0047
4646, 2.5, 29.0107
4653, 2.5, 29.0192
4660, 2.5, 29.0363
4662, 2.5, 29.0473
4671, 2.5, 29.0658
4683, 2.5, 29.0936
4687, 2.5, 29.1012
4698, 2.5, 29.1287
4708, 2.5, 29.1441
4709, 2.5, 29.1451
4717, 2.5, 29.1672
4723, 2.5, 29.1798
4730, 2.5, 29.1919
4741, 2.5, 29.211
4743, 2.5, 29.2189
4749, 2.5, 29.2294
4756, 2.5, 29.2445
4760, 2.5, 29.2567
4764, 2.5, 29.2704
4773, 2.5, 29.2893
4778, 2.5, 29.3012
4787, 2.5, 29.3258
4797, 2.5, 29.35
4805, 2.5, 29.3623
4806, 2.5, 29.3656
4812, 2.5, 29.3792
4819, 2.5, 29.3904
4821, 2.5, 29.4022
4826, 2.5, 29.4123
4829, 2.5, 29.4187
4832, 2.5, 29.4261
4846, 2.5, 29.4572
4855, 2.5, 29.4718
4863, 2.5, 29.4869
4872, 2.5, 29.5145
4878, 2.5, 29.52
4882, 2.5, 29.5301
4889, 2.5, 29.5511
4890, 2.5, 29.5529
4901, 2.5, 29.5688
4909, 2.5, 29.5924
4923, 2.5, 29.6111
4930, 2.5, 29.6241
4934, 2.5, 29.6403
4940, 2.5, 29.6547
4942, 2.5, 29.66
4946, 2.5, 29.6728
4952, 2.5, 29.6785
4956, 2.5, 29.69
4970, 2.5, 29.7239
4978, 2.5, 29.7467
4980, 2.5, 29.7525
4989, 2.5, 29.7739
4992, 2.5, 29.7807
4997, 2.5, 29.788
5003, 2.5, 29.8036
5013, 2.5, 29.8237
5024, 2.5, 29.8365
5029, 2.5, 29.8569
5036, 2.5, 29.8642
5040, 2.5, 29.8722
5055, 2.5, 29.8985
5057, 2.5, 29.9033
5065, 2.5, 29.9162
5072, 2.5, 29.9406
5076, 2.5, 29.9501
5082, 2.5, 29.9597
5088, 2.5, 29.971
5090, 2.5, 29.9789
5105, 2.5, 30.0103
5107, 2.5, 30.021
5113, 2.5, 30.028
5120, 2.5, 30.0453
5130, 2.5, 30.0632
5135, 2.5, 30.0749
5139, 2.5, 30.0854
5144, 2.5, 30.0935
5153, 2.5, 30.1067
5156, 2.5, 30.1199
5171, 2.5, 30.1491
5172, 2.5, 30.1547
5178, 2.5, 30.1616
5182, 2.5, 30.1794
5183, 2.5, 30.1824
5199, 2.5, 30.2147
5202, 2.5, 30.216
5210, 2.5, 30.241
5217, 2.5, 30.2539
5223, 2.5, 30.263
5229, 2.5, 30.2724
5236, 2.5, 30.2851
5244, 2.5, 30.3093
5247, 2.5, 30.3141
5262, 2.5, 30.3452
5267, 2.5, 30.3534
5275, 2.5, 30.3682
5279, 2.5, 30.3799
5284, 2.5, 30.3866
5290, 2.5, 30.4011
5293, 2.5, 30.4117
5305, 2.5, 30.4371
5308, 2.5, 30.4431
5310, 2.5, 30.4481
5320, 2.5, 30.4692
5328, 2.5, 30.485
5339, 2.5, 30.5056
5341, 2.5, 30.51
5347, 2.5, 30.5175
5349, 2.5, 30.522
5360, 2.5, 30.5469
5368, 2.5, 30.5646
5371, 2.5, 30.5717
5383, 2.5, 30.5942
5385, 2.5, 30.5992
5395, 2.5, 30.6186
5402, 2.5, 30.6417
5407, 2.5, 30.6532
5413, 2.5, 30.666
5416, 2.5, 30.6709
5425, 2.5, 30.6946
5430, 2.5, 30.7029
5434, 2.5, 30.7165
5442, 2.5, 30.7362
5447, 2.5, 30.7418
5453, 2.5, 30.7535
5461, 2.5, 30.7715
5464, 2.5, 30.786
5471, 2.5, 30.795
5483, 2.5, 30.8163
5485, 2.5, 30.8235
5499, 2.5, 30.8528
5503, 2.5, 30.8638
5508, 2.5, 30.8712
5516, 2.5, 30.8874
5520, 2.5, 30.8946
5527, 2.5, 30.913
5533, 2.5, 30.9282
5534, 2.5, 30.9339
5542, 2.5, 30.949
5549, 2.5, 30.9627
5556, 2.5, 30.9756
5562, 2.5, 30.9931
5564, 2.5, 31.0006
5571, 2.5, 31.0201
5579, 2.5, 31.0296
5585, 2.5, 31.0423
5598, 2.5, 31.0728
5602, 2.5, 31.0811
5613, 2.5, 31.1041
5618, 2.5, 31.1123
5623, 2.5, 31.1213
5630, 2.5, 31.1368
5637, 2.5, 31.1506
5646, 2.5, 31.1757
5653, 2.5, 31.1973
5658, 2.5, 31.2067
5671, 2.5, 31.2364
5673, 2.5, 31.2418
5684, 2.5, 31.2609
5689, 2.5, 31.268
5692, 2.5, 31.2713
5702, 2.5, 31.2861
5707, 2.5, 31.2976
5710, 2.5, 31.3041
5721, 2.5, 31.337
5728, 2.5, 31.348
5733, 2.5, 31.3634
5741, 2.5, 31.3762
5750, 2.5, 31.3913
5752, 2.5, 31.3984
5761, 2.5, 31.4168
5769, 2.5, 31.4377
5771, 2.5, 31.4463
5778, 2.5, 31.4578
5783, 2.5, 31.4705
5794, 2.5, 31.4898
5799, 2.5, 31.5027
5800, 2.5, 31.5127
5812, 2.5, 31.531
5816, 2.5, 31.5398
5825, 2.5, 31.5557
5835, 2.5, 31.58
5839, 2.5, 31.5834
5847, 2.5, 31.5994
5850, 2.5, 31.6073
5859, 2.5, 31.635
5867, 2.5, 31.6495
5871, 2.5, 31.6583
5873, 2.5, 31.6631
5878, 2.5, 31.6695
5888, 2.5, 31.6918
5890, 2.5, 31.6978
5898, 2.5, 31.7132
5903, 2.5, 31.7264
5916, 2.5, 31.7552
5921, 2.5, 31.7639
5930, 2.5, 31.7869
5943, 2.5, 31.808
5946, 2.5, 31.812
5947, 2.5, 31.8157
5953, 2.5, 31.8316
5963, 2.5, 31.847
5967, 2.5, 31.8563
5972, 2.5, 31.866
5976, 2.5, 31.8792
5984, 2.5, 31.9024
5990, 2.5, 31.9171
5993, 2.5, 31.9235
6001, 2.5, 31.9415
6009, 2.5, 31.9503
6012, 2.5, 31.9602
6020, 2.5, 31.988
6029, 2.5, 32.005
6033, 2.5, 32.0152
6038, 2.5, 32.0242
6042, 2.5, 32.0343
6056, 2.5, 32.0634
6060, 2.5, 32.0748
6071, 2.5, 32.0935
6074, 2.5, 32.1001
6083, 2.5, 32.1163
6093, 2.5, 32.1374
6094, 2.5, 32.1397
6102, 2.5, 32.1595
6107, 2.5, 32.1741
6115, 2.5, 32.1863
6128, 2.5, 32.215
6131, 2.5, 32.221
6135, 2.5, 32.2326
6142, 2.5, 32.248
6146, 2.5, 32.253
6148, 2.5, 32.2624
6154, 2.5, 32.2726
6164, 2.5, 32.2916
6171, 2.5, 32.3055
6175, 2.5, 32.3152
6189, 2.5, 32.341
6201, 2.5, 32.3618
6205, 2.5, 32.3779
6212, 2.5, 32.3946
6218, 2.5, 32.4066
6221, 2.5, 32.4135
6231, 2.5, 32.4344
6232, 2.5, 32.4365
6240, 2.5, 32.4495
6243, 2.5, 32.462
6256, 2.5, 32.4834
6258, 2.5, 32.4928
6264, 2.5, 32.5073
6277, 2.5, 32.5268
6281, 2.5, 32.5348
6286, 2.5, 32.5462
6294, 2.5, 32.5672
6297, 2.5, 32.5701
6306, 2.5, 32.5887
6312, 2.5, 32.5938
6322, 2.5, 32.6178
6327, 2.5, 32.6352
6339, 2.5, 32.6516
6344, 2.5, 32.6566
6352, 2.5, 32.6772
6361, 2.5, 32.6946
6365, 2.5, 32.7036
6374, 2.5, 32.7249
6377, 2.5, 32.7323
6387, 2.5, 32.7454
6392, 2.5, 32.759
6396, 2.5, 32.7678
6407, 2.5, 32.7918
6408, 2.5, 32.7944
6414, 2.5, 32.8036
6417, 2.5, 32.8123
6420, 2.5, 32.8229
6432, 2.5, 32.8428
6434, 2.5, 32.8514
6441, 2.5, 32.8614
6450, 2.5, 32.8903
6455, 2.5, 32.8964
6463, 2.5, 32.9138
6472, 2.5, 32.9345
6476, 2.5, 32.9439
6485, 2.5, 32.9613
6491, 2.5, 32.9765
6497, 2.5, 32.985
6503, 2.5, 33.0008
6511, 2.5, 33.0186
6516, 2.5, 33.0307
6520, 2.5, 33.0428
6526, 2.5, 33.0548
6529, 2.5, 33.0594
6538, 2.5, 33.0757
6540, 2.5, 33.0831
6542, 2.5, 33.0918
6551, 2.5, 33.1012
6558, 2.5, 33.1161
6568, 2.5, 33.1434
6573, 2.5, 33.1497
6579, 2.5, 33.1631
6596, 2.5, 33.1958
6599, 2.5, 33.2083
6604, 2.5, 33.218
6605, 2.5, 33.2206
6615, 2.5, 33.237
6623, 2.5, 33.2527
6629, 2.5, 33.2629
6635, 2.5, 33.2764
6640, 2.5, 33.2953
6644, 2.5, 33.3019
6654, 2.5, 33.3236
6661, 2.5, 33.3365
6667, 2.5, 33.3509
6676, 2.5, 33.3717
6682, 2.5, 33.3847
6690, 2.5, 33.4039
6692, 2.5, 33.4065
6701, 2.5, 33.4314
6707, 2.5, 33.4438
6713, 2.5, 33.4518
6714, 2.5, 33.4552
6728, 2.5, 33.4836
6739, 2.5, 33.503
6741, 2.5, 33.5073
6747, 2.5, 33.5234
6759, 2.5, 33.551
6764, 2.5, 33.5614
6771, 2.5, 33.5748
6784, 2.5, 33.6007
6786, 2.5, 33.6057
6794, 2.5, 33.6173
6798, 2.5, 33.6273
6807, 2.5, 33.6517
6812, 2.5, 33.6664
6815, 2.5, 33.673
6822, 2.5, 33.684
6825, 2.5, 33.6937
6836, 2.5, 33.7117
6850, 2.5, 33.7414
6858, 2.5, 33.754
6862, 2.5, 33.7655
6865, 2.5, 33.7731
6871, 2.5, 33.7875
6877, 2.5, 33.8036
6881, 2.5, 33.8141
6887, 2.5, 33.8321
6898, 2.5, 33.862
6910, 2.5, 33.8779
6915, 2.5, 33.8866
6920, 2.5, 33.902
6924, 2.5, 33.9123
6932, 2.5, 33.921
6946, 2.5, 33.9492
6947, 2.5, 33.9552
6959, 2.5, 33.9774
6965, 2.5, 33.9918
6968, 2.5, 33.9998
6979, 2.5, 34.0136
6988, 2.5, 34.0298
6995, 2.5, 34.0462
6999, 2.5, 34.0565
7005, 2.5, 34.0647
7017, 2.5, 34.0898
7021, 2.5, 34.1007
7027, 2.5, 34.1095
7031, 2.5, 34.1257
7036, 2.5, 34.1362
7047, 2.5, 34.1491
7057, 2.5, 34.1724
7061, 2.5, 34.182
7062, 2.5, 34.1846
7076, 2.5, 34.212
7083, 2.5, 34.2314
7088, 2.5, 34.2387
7098, 2.5, 34.2589
7105, 2.5, 34.2727
7111, 2.5, 34.2884
7114, 2.5, 34.2957
7117, 2.5, 34.301
7120, 2.5, 34.3105
7132, 2.5, 34.3289
7136, 2.5, 34.3385
7141, 2.5, 34.3495
7143, 2.5, 34.353
7148, 2.5, 34.3674
7158, 2.5, 34.3838
7165, 2.5, 34.3996
7171, 2.5, 34.4121
7174, 2.5, 34.423
7185, 2.5, 34.4444
7186, 2.5, 34.4467
7199, 2.5, 34.4801
7205, 2.5, 34.4902
7213, 2.5, 34.5087
7217, 2.5, 34.5173
7226, 2.5, 34.537
7231, 2.5, 34.5529
7236, 2.5, 34.5659
7241, 2.5, 34.5782
7247, 2.5, 34.5936
7257, 2.5, 34.6064
7269, 2.5, 34.6295
7270, 2.5, 34.6311
7277, 2.5, 34.6591
7281, 2.5, 34.6659
7283, 2.5, 34.6714
7289, 2.5, 34.6783
7296, 2.5, 34.6946
7306, 2.5, 34.7151
7319, 2.5, 34.7404
7321, 2.5, 34.745
7328, 2.5, 34.7629
7335, 2.5, 34.7792
7342, 2.5, 34.7996
7352, 2.5, 34.8208
7354, 2.5, 34.8256
7365, 2.5, 34.8447
7371, 2.5, 34.8583
7376, 2.5, 34.8733
7381, 2.5, 34.8853
7392, 2.5, 34.9092
7401, 2.5, 34.925
7402, 2.5, 34.9277
7414, 2.5, 34.9431
7421, 2.5, 34.9629
7427, 2.5, 34.9816
7436, 2.5, 34.9975
7438, 2.5, 35.0046
7444, 2.5, 35.0135
7454, 2.5, 35.0363
7459, 2.5, 35.0465
7472, 2.5, 35.0712
7473, 2.5, 35.0746
7479, 2.5, 35.087
7490, 2.5, 35.1202
7494, 2.5, 35.126
7503, 2.5, 35.1415
7508, 2.5, 35.1506
7521, 2.5, 35.1818
7525, 2.5, 35.1901
7537, 2.5, 35.2143
7544, 2.5, 35.2238
7548, 2.5, 35.2325
7551, 2.5, 35.236
7557, 2.5, 35.2583
7560, 2.5, 35.2636
7572, 2.5, 35.2845
7578, 2.5, 35.3018
7584, 2.5, 35.3232
7595, 2.5, 35.336
7604, 2.5, 35.3624
7614, 2.5, 35.3788
7622, 2.5, 35.3914
7629, 2.5, 35.4039
7635, 2.5, 35.4179
7639, 2.5, 35.4283
7646, 2.5, 35.4509
7648, 2.5, 35.4628
7654, 2.5, 35.4743
7664, 2.5, 35.4935
7671, 2.5, 35.5054
7674, 2.5, 35.5129
7679, 2.5, 35.5278
7682, 2.5, 35.5346
7693, 2.5, 35.5535
7696, 2.5, 35.5639
7705, 2.5, 35.5854
7708, 2.5, 35.5928
7715, 2.5, 35.6082
7730, 2.5, 35.6391
7734, 2.5, 35.644
7744, 2.5, 35.6624
7750, 2.5, 35.6795
7753, 2.5, 35.6903
7761, 2.5, 35.7058
7773, 2.5, 35.7365
7774, 2.5, 35.7367
7785, 2.5, 35.763
7790, 2.5, 35.7733
7795, 2.5, 35.7812
7802, 2.5, 35.7996
7813, 2.5, 35.8183
7815, 2.5, 35.8223
7819, 2.5, 35.829
7824, 2.5, 35.8375
7829, 2.5, 35.8497
7838, 2.5, 35.8706
7848, 2.5, 35.9007
7854, 2.5, 35.9064
7864, 2.5, 35.9292
7876, 2.5, 35.9514
7882, 2.5, 35.9616
7884, 2.5, 35.9693
7892, 2.5, 35.9891
7897, 2.5, 36.0022
7904, 2.5, 36.0153
7915, 2.5, 36.0402
7919, 2.5, 36.0494
7932, 2.5, 36.0797
7936, 2.5, 36.0912
7940, 2.5, 36.099
7948, 2.5, 36.1191
7955, 2.5, 36.1332
7960, 2.5, 36.1433
7966, 2.5, 36.1546
7969, 2.5, 36.1609
7972, 2.5, 36.1677
7992, 2.5, 36.2101
7996, 2.5, 36.2192
7999, 2.5, 36.2205
8005, 2.5, 36.2345
8019, 2.5, 36.2697
8021, 2.5, 36.2737
8029, 2.5, 36.2862
8034, 2.5, 36.3023
8041, 2.5, 36.3175
8046, 2.5, 36.3322
8054, 2.5, 36.3471
8063, 2.5, 36.368
8069, 2.5, 36.3828
8083, 2.5, 36.4112
8088, 2.5, 36.4157
8092, 2.5, 36.4221
8099, 2.5, 36.4479
8100, 2.5, 36.4573
8105, 2.5, 36.4656
8113, 2.5, 36.4771
8119, 2.5, 36.4926
8122, 2.5, 36.5028
8132, 2.5, 36.5218
8135, 2.5, 36.5308
8139, 2.5, 36.537
8147, 2.5, 36.5527
8148, 2.5, 36.557
8160, 2.5, 36.5884
8174, 2.5, 36.6162
8178, 2.5, 36.6236
8193, 2.5, 36.6456
8201, 2.5, 36.6683
8202, 2.5, 36.6713
8211, 2.5, 36.6893
8217, 2.5, 36.6959
8223, 2.5, 36.7108
8230, 2.5, 36.7272
8234, 2.5, 36.7356
8240, 2.5, 36.7504
8249, 2.5, 36.7792
8255, 2.5, 36.7872
8262, 2.5, 36.805
8269, 2.5, 36.814
8276, 2.5, 36.8265
8294, 2.5, 36.8676
8301, 2.5, 36.884
8305, 2.5, 36.8907
8311, 2.5, 36.9049
8319, 2.5, 36.9236
8326, 2.5, 36.9407
8331, 2.5, 36.9491
8339, 2.5, 36.9637
8348, 2.5, 36.9865
8355, 2.5, 37.0079
8359, 2.5, 37.014
8371, 2.5, 37.0473
8373, 2.5, 37.0532
8379, 2.5, 37.0627
8384, 2.5, 37.0704
8391, 2.5, 37.0829
8402, 2.5, 37.1064
8409, 2.5, 37.1188
8416, 2.5, 37.1385
8423, 2.5, 37.1554
8428, 2.5, 37.1691
8432, 2.5, 37.1841
8442, 2.5, 37.203
8450, 2.5, 37.2252
8456, 2.5, 37.2458
8464, 2.5, 37.2621
8467, 2.5, 37.2689
8471, 2.5, 37.2822
8476, 2.5, 37.2889
8485, 2.5, 37.3067
8488, 2.5, 37.3161
8500, 2.5, 37.3418
8504, 2.5, 37.3542
8511, 2.5, 37.3726
8518, 2.5, 37.3797
8533, 2.5, 37.4141
8536, 2.5, 37.4189
8538, 2.5, 37.4264
8546, 2.5, 37.4444
8549, 2.5, 37.4538
8553, 2.5, 37.4615
8565, 2.5, 37.4869
8570, 2.5, 37.496
8578, 2.5, 37.5167
8585, 2.5, 37.5355
8590, 2.5, 37.5444
8600, 2.5, 37.5657
8601, 2.5, 37.5729
8604, 2.5, 37.5767
8613, 2.5, 37.5974
8627, 2.5, 37.6319
8635, 2.5, 37.6427
8637, 2.5, 37.6508
8650, 2.5, 37.6848
8656, 2.5, 37.6996
8664, 2.5, 37.7159
8672, 2.5, 37.736
8677, 2.5, 37.7534
8681, 2.5, 37.7629
8685, 2.5, 37.7761
8691, 2.5, 37.7917
8697, 2.5, 37.8031
8706, 2.5, 37.824
8714, 2.5, 37.8369
8717, 2.5, 37.8411
8723, 2.5, 37.8624
8730, 2.5, 37.8781
8732, 2.5, 37.8852
8739, 2.5, 37.9005
8743, 2.5, 37.9082
8760, 2.5, 37.9477
8767, 2.5, 37.9647
8776, 2.5, 37.9913
8781, 2.5, 38.0056
8786, 2.5, 38.0098
8794, 2.5, 38.0242
8801, 2.5, 38.0455
8809, 2.5, 38.0644
8819, 2.5, 38.0853
8823, 2.5, 38.0945
8831, 2.5, 38.1152
8837, 2.5, 38.1276
8839, 2.5, 38.1295
8849, 2.5, 38.1551
8856, 2.5, 38.1646
8860, 2.5, 38.1767
8869, 2.5, 38.1987
8871, 2.5, 38.2073
8876, 2.5, 38.2193
8889, 2.5, 38.2494
8893, 2.5, 38.2637
8906, 2.5, 38.2859
8907, 2.5, 38.2871
8914, 2.5, 38.3088
8926, 2.5, 38.3323
8930, 2.5, 38.3386
8943, 2.5, 38.3672
8944, 2.5, 38.3709
8961, 2.5, 38.4131
8967, 2.5, 38.4243
8970, 2.5, 38.4323
8982, 2.5, 38.4541
8984, 2.5, 38.4706
8992, 2.5, 38.4936
9001, 2.5, 38.5077
9005, 2.5, 38.5105
9011, 2.5, 38.5229
9021, 2.5, 38.5476
9031, 2.5, 38.571
9035, 2.5, 38.5843
9040, 2.5, 38.5951
9043, 2.5, 38.6073
9051, 2.5, 38.6262
9054, 2.5, 38.6304
9060, 2.5, 38.659
9073, 2.5, 38.6855
9076, 2.5, 38.6901
9085, 2.5, 38.7101
9088, 2.5, 38.719
9093, 2.5, 38.7308
9102, 2.5, 38.7516
9104, 2.5, 38.7601
9119, 2.5, 38.7927
9125, 2.5, 38.8098
9132, 2.5, 38.8241
9135, 2.5, 38.8353
9139, 2.5, 38.8428
9149, 2.5, 38.8713
9157, 2.5, 38.8848
9163, 2.5, 38.9028
9170, 2.5, 38.9229
9180, 2.5, 38.9409
9188, 2.5, 38.9574
9198, 2.5, 38.9823
9200, 2.5, 38.9891
9203, 2.5, 38.9979
9214, 2.5, 39.0201
9220, 2.5, 39.0371
9222, 2.5, 39.0437
9231, 2.5, 39.0678
9237, 2.5, 39.0855
9247, 2.5, 39.1033
9251, 2.5, 39.11
9259, 2.5, 39.125
9266, 2.5, 39.1438
9275, 2.5, 39.162
9279, 2.5, 39.1744
9285, 2.5, 39.1915
9290, 2.5, 39.196
9302, 2.5, 39.2325
9305, 2.5, 39.2407
9318, 2.5, 39.2773
9330, 2.5, 39.2952
9335, 2.5, 39.3173
9339, 2.5, 39.333
9346, 2.5, 39.3528
9350, 2.5, 39.3592
9355, 2.5, 39.3698
9360, 2.5, 39.3759
9364, 2.5, 39.398
9371, 2.5, 39.4145
9377, 2.5, 39.4281
9393, 2.5, 39.4594
9397, 2.5, 39.4677
9401, 2.5, 39.4823
9416, 2.5, 39.5231
9423, 2.5, 39.5367
9430, 2.5, 39.5569
9438, 2.5, 39.5734
9441, 2.5, 39.5923
9450, 2.5, 39.6133
9457, 2.5, 39.6219
9460, 2.5, 39.6302
9467, 2.5, 39.6462
9473, 2.5, 39.6597
9481, 2.5, 39.6738
9492, 2.5, 39.7038
9496, 2.5, 39.7198
9498, 2.5, 39.7255
9504, 2.5, 39.7401
9512, 2.5, 39.7607
9525, 2.5, 39.7911
9535, 2.5, 39.8187
9539, 2.5, 39.8259
9543, 2.5, 39.8365
9547, 2.5, 39.8523
9550, 2.5, 39.8579
9560, 2.5, 39.8796
9564, 2.5, 39.898
9574, 2.5, 39.9154
9579, 2.5, 39.9317
9581, 2.5, 39.939
9596, 2.5, 39.9808
9598, 2.5, 39.9871
9608, 2.5, 40.0102
9620, 2.5, 40.0421
9631, 2.5, 40.069
9639, 2.5, 40.0835
9648, 2.5, 40.106
9653, 2.5, 40.1216
9655, 2.5, 40.1229
9675, 2.5, 40.1778
9681, 2.5, 40.1942
9683, 2.5, 40.2036
9689, 2.5, 40.2067
9695, 2.5, 40.2216
9698, 2.5, 40.2358
9702, 2.5, 40.2472
9709, 2.5, 40.2631
9719, 2.5, 40.2807
9725, 2.5, 40.3012
9734, 2.5, 40.3285
9739, 2.5, 40.3391
9746, 2.5, 40.3564
9752, 2.5, 40.3696
9759, 2.5, 40.3905
9767, 2.5, 40.4192
9772, 2.5, 40.4311
9785, 2.5, 40.4584
9788, 2.5, 40.4728
9795, 2.5, 40.4902
9808, 2.5, 40.5126
9809, 2.5, 40.5182
9815, 2.5, 40.5325
9824, 2.5, 40.5577
9829, 2.5, 40.5659
9837, 2.5, 40.6007
9840, 2.5, 40.6106
9848, 2.5, 40.632
9850, 2.5, 40.6455
9874, 2.5, 40.6927
9876, 2.5, 40.6976
9878, 2.5, 40.7051
9885, 2.5, 40.7216
9896, 2.5, 40.7491
9904, 2.5, 40.7617
9912, 2.5, 40.7957
9918, 2.5, 40.8125
9922, 2.5, 40.8257
9930, 2.5, 40.8455
9935, 2.5, 40.8613
9937, 2.5, 40.8641
9942, 2.5, 40.8779
9955, 2.5, 40.9157
9963, 2.5, 40.9387
9969, 2.5, 40.9509
9976, 2.5, 40.9695
9984, 2.5, 40.9888
9996, 2.5, 41.0142
10000, 2.5, 41.0258
10005, 2.5, 41.0431
10009, 2.5, 41.0573
10017, 2.5, 41.0805
10030, 2.5, 41.1239
10037, 2.5, 41.1352
10042, 2.5, 41.1445
10048, 2.5, 41.16
10055, 2.5, 41.1784
10061, 2.5, 41.2023
10071, 2.5, 41.2181
10075, 2.5, 41.229
10083, 2.5, 41.2579
10093, 2.5, 41.2889
10097, 2.5, 41.2954
10104, 2.5, 41.3157
10107, 2.5, 41.3311
10115, 2.5, 41.3492
10124, 2.5, 41.3859
10131, 2.5, 41.4028
10138, 2.5, 41.4238
10140, 2.5, 41.4363
10153, 2.5, 41.4605
10158, 2.5, 41.4833
10172, 2.5, 41.5208
10177, 2.5, 41.5275
10183, 2.5, 41.5434
10192, 2.5, 41.5782
10196, 2.5, 41.5951
10208, 2.5, 41.6165
10216, 2.5, 41.633
10223, 2.5, 41.6543
10228, 2.5, 41.6708
10235, 2.5, 41.7008
10242, 2.5, 41.7111
10244, 2.5, 41.7209
10247, 2.5, 41.7333
10259, 2.5, 41.7609
10261, 2.5, 41.7739
10269, 2.5, 41.7904
10276, 2.5, 41.825
10281, 2.5, 41.8384
10297, 2.5, 41.8779
10301, 2.5, 41.8877
10303, 2.5, 41.8934
10317, 2.5, 41.9289
10323, 2.5, 41.9422
10334, 2.5, 41.983
10339, 2.5, 41.9925
10344, 2.5, 42.0085
10347, 2.5, 42.0245
10355, 2.5, 42.0462
10363, 2.5, 42.0665
10372, 2.5, 42.0917
10373, 2.5, 42.1012
10375, 2.5, 42.11
10381, 2.5, 42.1283
10392, 2.5, 42.1629
10393, 2.5, 42.1758
10409, 2.5, 42.2126
10415, 2.5, 42.2323
10423, 2.5, 42.255
10424, 2.5, 42.2579
10436, 2.5, 42.2893
10442, 2.5, 42.3108
10450, 2.5, 42.3434
10461, 2.5, 42.3714
10467, 2.5, 42.387
10476, 2.5, 42.4196
10481, 2.5, 42.4284
10486, 2.5, 42.4363
10500, 2.5, 42.4758
10506, 2.5, 42.4937
10510, 2.5, 42.5134
10513, 2.5, 42.519
10525, 2.5, 42.5501
10527, 2.5, 42.5568
10536, 2.5, 42.598
10544, 2.5, 42.6346
10555, 2.5, 42.6595
10559, 2.5, 42.6657
10570, 2.5, 42.7056
10573, 2.5, 42.7075
10585, 2.5, 42.7375
10594, 2.5, 42.7667
10596, 2.5, 42.7714
10603, 2.5, 42.7887
10613, 2.5, 42.8278
10618, 2.5, 42.8391
10623, 2.5, 42.8612
10634, 2.5, 42.9047
10644, 2.5, 42.9309
10653, 2.5, 42.9582
10658, 2.5, 42.9749
10667, 2.5, 42.9937
10669, 2.5, 43.0049
10671, 2.5, 43.0105
10681, 2.5, 43.0353
10685, 2.5, 43.0485
10697, 2.5, 43.0734
10701, 2.5, 43.0972
10707, 2.5, 43.138
10719, 2.5, 43.1801
10725, 2.5, 43.2037
10734, 2.5, 43.2248
10736, 2.5, 43.2384
10739, 2.5, 43.2536
10754, 2.5, 43.2981
10756, 2.5, 43.3027
10762, 2.5, 43.3221
10769, 2.5, 43.3441
10775, 2.5, 43.3619
10783, 2.5, 43.3889
10792, 2.5, 43.4141
10795, 2.5, 43.4307
10801, 2.5, 43.452
10809, 2.5, 43.479
10817, 2.5, 43.5106
10821, 2.5, 43.5164
10834, 2.5, 43.5685
10838, 2.5, 43.5758
10861, 2.5, 43.6488
10867, 2.5, 43.6706
10872, 2.5, 43.6899
10876, 2.5, 43.6998
10881, 2.5, 43.7144
10891, 2.5, 43.7484
10903, 2.5, 43.7777
10906, 2.5, 43.7883
10910, 2.5, 43.8139
10920, 2.5, 43.8533
10922, 2.5, 43.8574
10935, 2.5, 43.8918
10945, 2.5, 43.9241
10948, 2.5, 43.9321
10957, 2.5, 43.9644
10963, 2.5, 43.9798
10967, 2.5, 44.0042
10982, 2.5, 44.0559
10987, 2.5, 44.067
10992, 2.5, 44.0837
10996, 2.5, 44.0958
11005, 2.5, 44.1353
11012, 2.5, 44.1623
11019, 2.5, 44.1919
11035, 2.5, 44.2449
11043, 2.5, 44.277
11049, 2.5, 44.2889
11058, 2.5, 44.3329
11062, 2.5, 44.3548
11067, 2.5, 44.3624
11072, 2.5, 44.3835
11079, 2.5, 44.4152
11083, 2.5, 44.4329
11096, 2.5, 44.4806
11099, 2.5, 44.4917
11105, 2.5, 44.5103
11114, 2.5, 44.5421
11125, 2.5, 44.5829
11131, 2.5, 44.6013
11136, 2.5, 44.6257
11144, 2.5, 44.6547
11146, 2.5, 44.6632
11166, 2.5, 44.7372
11169, 2.5, 44.7501
11172, 2.5, 44.7595
11182, 2.5, 44.7929
11195, 2.5, 44.8274
11197, 2.5, 44.84
11204, 2.5, 44.8694
11217, 2.5, 44.9117
11223, 2.5, 44.9363
11224, 2.5, 44.9382
11234, 2.5, 44.9732
11249, 2.5, 45.0447
11254, 2.5, 45.0607
11257, 2.5, 45.0651
11260, 2.5, 45.0768
11269, 2.5, 45.1167
11275, 2.5, 45.1363
11281, 2.5, 45.1674
11295, 2.5, 45.2142
11306, 2.5, 45.2516
11311, 2.5, 45.2598
11323, 2.5, 45.3192
11328, 2.5, 45.3385
11336, 2.5, 45.3571
11341, 2.5, 45.3824
11343, 2.5, 45.3918
11347, 2.5, 45.4027
11358, 2.5, 45.4456
11363, 2.5, 45.4579
11369, 2.5, 45.4808
11377, 2.5, 45.5119
11388, 2.5, 45.5722
11396, 2.5, 45.5941
11403, 2.5, 45.6219
11410, 2.5, 45.6394
11418, 2.5, 45.6698
11423, 2.5, 45.6959
11433, 2.5, 45.743
11440, 2.5, 45.7647
11449, 2.5, 45.8009
11458, 2.5, 45.8321
11465, 2.5, 45.8516
11471, 2.5, 45.8866
11475, 2.5, 45.8981
11485, 2.5, 45.937
11490, 2.5, 45.9491
11496, 2.5, 45.9702
11499, 2.5, 45.9913
11521, 2.5, 46.072
11523, 2.5, 46.0856
11537, 2.5, 46.1551
11538, 2.5, 46.1622
11548, 2.5, 46.222
11555, 2.5, 46.2335
11566, 2.5, 46.2818
11569, 2.5, 46.2903
11574, 2.5, 46.3134
11590, 2.5, 46.3685
11597, 2.5, 46.4036
11602, 2.5, 46.4181
11607, 2.5, 46.4416
11614, 2.5, 46.4685
11620, 2.5, 46.4967
11631, 2.5, 46.5473
11642, 2.5, 46.5893
11645, 2.5, 46.6001
11659, 2.5, 46.6584
11663, 2.5, 46.6758
11665, 2.5, 46.6946
11678, 2.5, 46.7477
11681, 2.5, 46.7544
11693, 2.5, 46.8028
11705, 2.5, 46.8689
11709, 2.5, 46.8896
11718, 2.5, 46.9299
11723, 2.5, 46.9385
11733, 2.5, 47.0056
11737, 2.5, 47.0243
11741, 2.5, 47.0481
11748, 2.5, 47.0895
11756, 2.5, 47.1245
11759, 2.5, 47.1425
11770, 2.5, 47.1863
11777, 2.5, 47.2404
11790, 2.5, 47.2969
11795, 2.5, 47.3283
11803, 2.5, 47.3545
11812, 2.5, 47.3839
11825, 2.5, 47.4463
11831, 2.5, 47.4727
11835, 2.5, 47.5027
11843, 2.5, 47.5566
11851, 2.5, 47.5946
11863, 2.5, 47.6483
11865, 2.5, 47.6585
11871, 2.5, 47.6868
11882, 2.5, 47.7586
11884, 2.5, 47.7647
11903, 2.5, 47.8609
11907, 2.5, 47.8827
11915, 2.5, 47.9146
11918, 2.5, 47.9297
11927, 2.5, 47.9795
11932, 2.5, 48.0113
11945, 2.5, 48.0871
11952, 2.5, 48.1213
11960, 2.5, 48.1468
11963, 2.5, 48.1855
11980, 2.5, 48.2653
11983, 2.5, 48.2796
11987, 2.5, 48.3007
11994, 2.5, 48.3487
12004, 2.5, 48.3927
12008, 2.5, 48.4064
12016, 2.5, 48.4769
12027, 2.5, 48.5305
12036, 2.5, 48.5634
12038, 2.5, 48.5888
12044, 2.5, 48.6261
12055, 2.5, 48.6899
12062, 2.5, 48.7338
12078, 2.5, 48.8179
12086, 2.5, 48.8334
12092, 2.5, 48.887
12101, 2.5, 48.93
12103, 2.5, 48.9476
12109, 2.5, 48.9932
12118, 2.5, 49.0523
12131, 2.5, 49.1155
12137, 2.5, 49.1652
12147, 2.5, 49.2284
12154, 2.5, 49.253
12161, 2.5, 49.2991
12166, 2.5, 49.3367
12168, 2.5, 49.348
12189, 2.5, 49.4574
12192, 2.5, 49.488
12195, 2.5, 49.4975
12202, 2.5, 49.5425
12206, 2.5, 49.5762
12217, 2.5, 49.6238
12232, 2.5, 49.7173
12236, 2.5, 49.7596
12245, 2.5, 49.8246
12249, 2.5, 49.8337
12263, 2.5, 49.9107
12267, 2.5, 49.9743
12269, 2.5, 49.9878
12280, 2.5, 50.0551
12295, 2.5, 50.1506
12301, 2.5, 50.1941
12311, 2.5, 50.2561
12318, 2.5, 50.324
12324, 2.5, 50.3845
12339, 2.5, 50.4644
12345, 2.5, 50.541
12352, 2.5, 50.5714
12361, 2.5, 50.6297
12365, 2.5, 50.6512
12374, 2.5, 50.725
12378, 2.5, 50.7551
12382, 2.5, 50.79
12397, 2.5, 50.9103
12405, 2.5, 50.97
12410, 2.5, 51.0209
12422, 2.5, 51.099
12427, 2.5, 51.1561
12435, 2.5, 51.1885
12452, 2.5, 51.3564
12457, 2.5, 51.3861
12472, 2.5, 51.5301
12477, 2.5, 51.568
12480, 2.5, 51.5834
12487, 2.5, 51.6506
12497, 2.5, 51.7355
12503, 2.5, 51.7672
12513, 2.5, 51.878
12518, 2.5, 51.9443
12528, 2.5, 52.0034
12535, 2.5, 52.0706
12548, 2.5, 52.1968
12549, 2.5, 52.2499
12559, 2.5, 52.3179
12576, 2.5, 52.4853
12580, 2.5, 52.533
12589, 2.5, 52.6226
12602, 2.5, 52.7179
12608, 2.5, 52.8103
12613, 2.5, 52.8747
12625, 2.5, 52.9889
12642, 2.5, 53.1296
12644, 2.5, 53.1659
12656, 2.5, 53.3003
12660, 2.5, 53.3755
12666, 2.5, 53.492
12676, 2.5, 53.5769
12678, 2.5, 53.6086
12686, 2.5, 53.6865
12692, 2.5, 53.7639
12700, 2.5, 53.8293
12719, 2.5, 54.0755
12723, 2.5, 54.1181
12738, 2.5, 54.3119
12743, 2.5, 54.3586
12749, 2.5, 54.48
12750, 2.5, 54.4988
12763, 2.5, 54.6661
12775, 2.5, 54.8061
12784, 2.5, 54.963
12792, 2.5, 55.0768
12802, 2.5, 55.2853
12812, 2.5, 55.3738
12822, 2.5, 55.535
12823, 2.5, 55.5685
12836, 2.5, 55.7605
12843, 2.5, 56.0029
12847, 2.5, 56.0922
12856, 2.5, 56.3301
12864, 2.5, 56.4419
12880, 2.5, 56.787
12891, 2.5, 57.0652
12896, 2.5, 57.1856
12906, 2.5, 57.4616
12917, 2.5, 57.8902
12921, 2.5, 57.969
12933, 2.5, 58.1793
12948, 2.5, 58.778
12962, 2.5, 59.3085
12968, 2.5, 59.5331
12976, 2.5, 60.1561
12984, 2.5, 60.6058
12987, 2.5, 60.7726
13006, 2.5, 62.4811
13013, 2.5, 63.9055
