0, 2.5, 0
5, 2.5, 2.94278
9, 2.5, 3.86693
12, 2.5, 4.14055
14, 2.5, 4.51447
18, 2.5, 4.98907
23, 2.5, 5.31273
29, 2.5, 5.96701
33, 2.5, 6.08649
39, 2.5, 6.38016
42, 2.5, 6.71735
51, 2.5, 7.06686
57, 2.5, 7.4125
62, 2.5, 7.53684
63, 2.5, 7.61937
67, 2.5, 7.76388
72, 2.5, 7.96694
78, 2.5, 8.26185
79, 2.5, 8.26637
83, 2.5, 8.43561
87, 2.5, 8.57805
89, 2.5, 8.69593
99, 2.5, 8.95761
104, 2.5, 9.16325
107, 2.5, 9.22273
110, 2.5, 9.3296
113, 2.5, 9.37749
118, 2.5, 9.44301
126, 2.5, 9.63474
130, 2.5, 9.75493
137, 2.5, 9.93224
143, 2.5, 10.0592
151, 2.5, 10.1502
154, 2.5, 10.2205
161, 2.5, 10.3765
162, 2.5, 10.3955
165, 2.5, 10.4654
170, 2.5, 10.5834
176, 2.5, 10.7811
181, 2.5, 10.8456
187, 2.5, 10.9129
193, 2.5, 11.0252
198, 2.5, 11.1133
201, 2.5, 11.1728
203, 2.5, 11.2038
205, 2.5, 11.2231
208, 2.5, 11.2824
218, 2.5, 11.4616
225, 2.5, 11.5307
234, 2.5, 11.694
240, 2.5, 11.7475
241, 2.5, 11.7851
244, 2.5, 11.8351
250, 2.5, 11.9455
259, 2.5, 12.0795
263, 2.5, 12.1406
265, 2.5, 12.1771
270, 2.5, 12.264
279, 2.5, 12.3427
282, 2.5, 12.3979
289, 2.5, 12.4931
298, 2.5, 12.5618
301, 2.5, 12.6281
307, 2.5, 12.6682
315, 2.5, 12.7622
318, 2.5, 12.8228
323, 2.5, 12.8843
333, 2.5, 12.9785
335, 2.5, 13.0046
339, 2.5, 13.0467
346, 2.5, 13.1094
352, 2.5, 13.2094
358, 2.5, 13.2787
360, 2.5, 13.2971
363, 2.5, 13.3311
372, 2.5, 13.4237
374, 2.5, 13.4612
377, 2.5, 13.491
383, 2.5, 13.5341
389, 2.5, 13.5789
392, 2.5, 13.6238
401, 2.5, 13.7309
404, 2.5, 13.784
410, 2.5, 13.8259
418, 2.5, 13.8752
419, 2.5, 13.8977
427, 2.5, 14.0144
436, 2.5, 14.0555
437, 2.5, 14.0801
446, 2.5, 14.1436
453, 2.5, 14.2602
462, 2.5, 14.3189
465, 2.5, 14.3691
477, 2.5, 14.4482
482, 2.5, 14.497
491, 2.5, 14.5596
501, 2.5, 14.6467
505, 2.5, 14.672
507, 2.5, 14.7032
510, 2.5, 14.7198
513, 2.5, 14.754
518, 2.5, 14.7931
526, 2.5, 14.8692
536, 2.5, 14.9326
542, 2.5, 15.0066
545, 2.5, 15.0236
551, 2.5, 15.0694
554, 2.5, 15.0907
557, 2.5, 15.1085
564, 2.5, 15.1649
573, 2.5, 15.2463
581, 2.5, 15.3032
586, 2.5, 15.3205
593, 2.5, 15.3736
596, 2.5, 15.4173
600, 2.5, 15.462
603, 2.5, 15.4769
615, 2.5, 15.5694
622, 2.5, 15.5958
624, 2.5, 15.6147
631, 2.5, 15.6817
637, 2.5, 15.7185
645, 2.5, 15.7628
652, 2.5, 15.8217
655, 2.5, 15.8747
656, 2.5, 15.8774
663, 2.5, 15.9228
671, 2.5, 15.9963
677, 2.5, 16.0333
683, 2.5, 16.0611
696, 2.5, 16.1333
698, 2.5, 16.1427
700, 2.5, 16.1646
711, 2.5, 16.2285
715, 2.5, 16.276
719, 2.5, 16.2986
723, 2.5, 16.3136
728, 2.5, 16.3432
739, 2.5, 16.4184
740, 2.5, 16.4352
743, 2.5, 16.4476
754, 2.5, 16.5041
756, 2.5, 16.5119
765, 2.5, 16.5737
771, 2.5, 16.6044
774, 2.5, 16.6175
783, 2.5, 16.6746
792, 2.5, 16.7362
798, 2.5, 16.7662
804, 2.5, 16.8137
810, 2.5, 16.8483
812, 2.5, 16.8587
821, 2.5, 16.9064
827, 2.5, 16.9525
830, 2.5, 16.9669
837, 2.5, 17.0106
842, 2.5, 17.0456
849, 2.5, 17.0816
853, 2.5, 17.1035
856, 2.5, 17.1145
862, 2.5, 17.1592
867, 2.5, 17.19
876, 2.5, 17.2361
888, 2.5, 17.3183
890, 2.5, 17.3274
894, 2.5, 17.3552
896, 2.5, 17.365
904, 2.5, 17.3877
914, 2.5, 17.4521
917, 2.5, 17.4689
922, 2.5, 17.4956
925, 2.5, 17.5117
934, 2.5, 17.5709
938, 2.5, 17.5988
946, 2.5, 17.635
950, 2.5, 17.6585
957, 2.5, 17.6978
958, 2.5, 17.7034
970, 2.5, 17.7558
974, 2.5, 17.7685
986, 2.5, 17.8437
987, 2.5, 17.8589
994, 2.5, 17.885
999, 2.5, 17.9151
1006, 2.5, 17.9534
1015, 2.5, 17.9947
1017, 2.5, 18.0101
1022, 2.5, 18.0375
1025, 2.5, 18.0584
1032, 2.5, 18.0965
1038, 2.5, 18.1251
1044, 2.5, 18.1457
1046, 2.5, 18.1537
1054, 2.5, 18.1929
1064, 2.5, 18.2521
1072, 2.5, 18.2811
1074, 2.5, 18.2971
1078, 2.5, 18.3189
1081, 2.5, 18.3361
1094, 2.5, 18.3933
1095, 2.5, 18.4013
1098, 2.5, 18.4111
1105, 2.5, 18.46
1112, 2.5, 18.4856
1114, 2.5, 18.5003
1121, 2.5, 18.523
1124, 2.5, 18.5356
1133, 2.5, 18.5994
1136, 2.5, 18.6078
1141, 2.5, 18.6337
1148, 2.5, 18.6734
1153, 2.5, 18.6974
1160, 2.5, 18.7232
1167, 2.5, 18.759
1169, 2.5, 18.776
1177, 2.5, 18.8127
1181, 2.5, 18.8387
1190, 2.5, 18.8804
1192, 2.5, 18.8855
1200, 2.5, 18.9255
1202, 2.5, 18.9365
1215, 2.5, 18.9896
1218, 2.5, 19.0134
1220, 2.5, 19.0221
1227, 2.5, 19.0473
1233, 2.5, 19.0767
1239, 2.5, 19.0979
1244, 2.5, 19.121
1247, 2.5, 19.1414
1258, 2.5, 19.1817
1260, 2.5, 19.1921
1272, 2.5, 19.231
1277, 2.5, 19.2454
1281, 2.5, 19.2663
1287, 2.5, 19.3032
1289, 2.5, 19.315
1305, 2.5, 19.3633
1308, 2.5, 19.3913
1313, 2.5, 19.4176
1320, 2.5, 19.4351
1328, 2.5, 19.4812
1333, 2.5, 19.4955
1336, 2.5, 19.5124
1342, 2.5, 19.5324
1344, 2.5, 19.5395
1356, 2.5, 19.5979
1362, 2.5, 19.6241
1367, 2.5, 19.6361
1374, 2.5, 19.6541
1384, 2.5, 19.6957
1391, 2.5, 19.7262
1395, 2.5, 19.7554
1403, 2.5, 19.7999
1406, 2.5, 19.8133
1413, 2.5, 19.8382
1416, 2.5, 19.8464
1420, 2.5, 19.8772
1424, 2.5, 19.8895
1430, 2.5, 19.9139
1435, 2.5, 19.9389
1446, 2.5, 19.9847
1451, 2.5, 19.994
1461, 2.5, 20.0394
1464, 2.5, 20.0588
1471, 2.5, 20.086
1479, 2.5, 20.1082
1482, 2.5, 20.1241
1490, 2.5, 20.1581
1491, 2.5, 20.1694
1504, 2.5, 20.2169
1505, 2.5, 20.2239
1508, 2.5, 20.2361
1519, 2.5, 20.2772
1528, 2.5, 20.3105
1529, 2.5, 20.3133
1534, 2.5, 20.3437
1543, 2.5, 20.3729
1551, 2.5, 20.398
1556, 2.5, 20.4176
1561, 2.5, 20.4358
1571, 2.5, 20.4703
1582, 2.5, 20.5056
1587, 2.5, 20.5203
1591, 2.5, 20.5407
1593, 2.5, 20.5481
1603, 2.5, 20.5938
1611, 2.5, 20.6337
1614, 2.5, 20.6427
1619, 2.5, 20.6687
1625, 2.5, 20.6905
1630, 2.5, 20.7063
1634, 2.5, 20.7241
1644, 2.5, 20.7576
1649, 2.5, 20.7753
1654, 2.5, 20.7918
1661, 2.5, 20.819
1667, 2.5, 20.8402
1671, 2.5, 20.854
1676, 2.5, 20.8646
1686, 2.5, 20.9017
1693, 2.5, 20.9264
1702, 2.5, 20.9587
1706, 2.5, 20.9781
1711, 2.5, 21.0006
1715, 2.5, 21.0103
1723, 2.5, 21.0511
1726, 2.5, 21.0606
1729, 2.5, 21.0843
1743, 2.5, 21.135
1747, 2.5, 21.1486
1753, 2.5, 21.1725
1758, 2.5, 21.1794
1761, 2.5, 21.1913
1766, 2.5, 21.2027
1769, 2.5, 21.2219
1778, 2.5, 21.2446
1789, 2.5, 21.2783
1795, 2.5, 21.2957
1802, 2.5, 21.3341
1804, 2.5, 21.3447
1810, 2.5, 21.3678
1824, 2.5, 21.4156
1828, 2.5, 21.4221
1832, 2.5, 21.4384
1836, 2.5, 21.4571
1839, 2.5, 21.465
1849, 2.5, 21.4955
1853, 2.5, 21.5133
1865, 2.5, 21.5538
1868, 2.5, 21.57
1872, 2.5, 21.5786
1877, 2.5, 21.5917
1883, 2.5, 21.6241
1893, 2.5, 21.6513
1895, 2.5, 21.6573
1898, 2.5, 21.6746
1905, 2.5, 21.6981
1911, 2.5, 21.7195
1912, 2.5, 21.7264
1925, 2.5, 21.7677
1930, 2.5, 21.7843
1942, 2.5, 21.8176
1949, 2.5, 21.8439
1954, 2.5, 21.8617
1964, 2.5, 21.8902
1970, 2.5, 21.9046
1978, 2.5, 21.941
1981, 2.5, 21.9538
1988, 2.5, 21.9665
1991, 2.5, 21.9785
2004, 2.5, 22.0245
2008, 2.5, 22.0371
2016, 2.5, 22.0546
2018, 2.5, 22.0737
2030, 2.5, 22.1044
2033, 2.5, 22.1184
2039, 2.5, 22.1434
2043, 2.5, 22.1525
2047, 2.5, 22.1687
2055, 2.5, 22.2013
2058, 2.5, 22.2094
2070, 2.5, 22.2439
2075, 2.5, 22.263
2085, 2.5, 22.3001
2087, 2.5, 22.306
2094, 2.5, 22.3246
2097, 2.5, 22.3454
2111, 2.5, 22.3839
2116, 2.5, 22.4036
2118, 2.5, 22.4082
2122, 2.5, 22.422
2126, 2.5, 22.4354
2131, 2.5, 22.4476
2136, 2.5, 22.4584
2147, 2.5, 22.4998
2151, 2.5, 22.5125
2158, 2.5, 22.5337
2166, 2.5, 22.5576
2168, 2.5, 22.5672
2178, 2.5, 22.5912
2185, 2.5, 22.6187
2191, 2.5, 22.643
2196, 2.5, 22.6546
2199, 2.5, 22.6618
2215, 2.5, 22.7083
2221, 2.5, 22.7235
2224, 2.5, 22.7442
2231, 2.5, 22.7616
2236, 2.5, 22.7714
2242, 2.5, 22.798
2251, 2.5, 22.8264
2253, 2.5, 22.8393
2254, 2.5, 22.8424
2268, 2.5, 22.8824
2273, 2.5, 22.9005
2281, 2.5, 22.9171
2285, 2.5, 22.931
2290, 2.5, 22.9531
2295, 2.5, 22.9708
2313, 2.5, 23.0138
2317, 2.5, 23.0287
2318, 2.5, 23.0345
2325, 2.5, 23.0503
2333, 2.5, 23.0759
2334, 2.5, 23.0829
2339, 2.5, 23.1007
2346, 2.5, 23.1229
2359, 2.5, 23.1732
2365, 2.5, 23.1871
2372, 2.5, 23.2093
2379, 2.5, 23.2319
2385, 2.5, 23.2426
2387, 2.5, 23.2455
2393, 2.5, 23.2609
2399, 2.5, 23.2831
2402, 2.5, 23.287
2414, 2.5, 23.3343
2416, 2.5, 23.3354
2422, 2.5, 23.3514
2427, 2.5, 23.3658
2428, 2.5, 23.3841
2444, 2.5, 23.4211
2448, 2.5, 23.43
2454, 2.5, 23.451
2460, 2.5, 23.479
2464, 2.5, 23.4849
2466, 2.5, 23.4883
2472, 2.5, 23.5267
2483, 2.5, 23.5494
2491, 2.5, 23.5688
2494, 2.5, 23.5757
2499, 2.5, 23.5925
2505, 2.5, 23.6138
2513, 2.5, 23.6387
2523, 2.5, 23.6687
2527, 2.5, 23.6787
2533, 2.5, 23.6959
2536, 2.5, 23.7127
2546, 2.5, 23.7404
2554, 2.5, 23.7638
2568, 2.5, 23.7932
2577, 2.5, 23.8142
2581, 2.5, 23.8381
2582, 2.5, 23.8402
2588, 2.5, 23.8529
2605, 2.5, 23.9035
2608, 2.5, 23.9124
2613, 2.5, 23.9163
2619, 2.5, 23.9391
2624, 2.5, 23.9543
2627, 2.5, 23.959
2642, 2.5, 24.0184
2648, 2.5, 24.029
2650, 2.5, 24.0401
2660, 2.5, 24.0618
2662, 2.5, 24.0703
2669, 2.5, 24.087
2672, 2.5, 24.098
2678, 2.5, 24.123
2684, 2.5, 24.1434
2692, 2.5, 24.1662
2698, 2.5, 24.1798
2702, 2.5, 24.1957
2706, 2.5, 24.2108
2710, 2.5, 24.2217
2726, 2.5, 24.2596
2731, 2.5, 24.275
2734, 2.5, 24.2848
2739, 2.5, 24.2991
2746, 2.5, 24.3267
2755, 2.5, 24.348
2765, 2.5, 24.3683
2768, 2.5, 24.3808
2771, 2.5, 24.3995
2776, 2.5, 24.4119
2781, 2.5, 24.4262
2790, 2.5, 24.4456
2803, 2.5, 24.4807
2811, 2.5, 24.5025
2817, 2.5, 24.5211
2825, 2.5, 24.5403
2826, 2.5, 24.5458
2830, 2.5, 24.554
2836, 2.5, 24.5762
2845, 2.5, 24.603
2850, 2.5, 24.6178
2856, 2.5, 24.636
2857, 2.5, 24.6391
2869, 2.5, 24.6651
2874, 2.5, 24.6752
2883, 2.5, 24.7036
2890, 2.5, 24.7175
2895, 2.5, 24.7385
2902, 2.5, 24.7508
2909, 2.5, 24.7677
2913, 2.5, 24.7876
2918, 2.5, 24.7981
2923, 2.5, 24.8261
2927, 2.5, 24.832
2931, 2.5, 24.8446
2937, 2.5, 24.8543
2946, 2.5, 24.8699
2957, 2.5, 24.9002
2958, 2.5, 24.9052
2965, 2.5, 24.9266
2973, 2.5, 24.9442
2983, 2.5, 24.9704
2989, 2.5, 24.9902
2996, 2.5, 25.0043
3001, 2.5, 25.0196
3008, 2.5, 25.0371
3011, 2.5, 25.0432
3013, 2.5, 25.0535
3015, 2.5, 25.0647
3022, 2.5, 25.0817
3028, 2.5, 25.0956
3040, 2.5, 25.1104
3043, 2.5, 25.1278
3048, 2.5, 25.14
3054, 2.5, 25.1578
3067, 2.5, 25.1996
3070, 2.5, 25.2069
3082, 2.5, 25.2387
3084, 2.5, 25.244
3090, 2.5, 25.2564
3093, 2.5, 25.264
3103, 2.5, 25.2945
3116, 2.5, 25.3225
3118, 2.5, 25.3295
3121, 2.5, 25.3382
3126, 2.5, 25.35
3135, 2.5, 25.3658
3144, 2.5, 25.3942
3146, 2.5, 25.3995
3152, 2.5, 25.4169
3156, 2.5, 25.4304
3164, 2.5, 25.4487
3172, 2.5, 25.4711
3173, 2.5, 25.4739
3180, 2.5, 25.4857
3190, 2.5, 25.524
3198, 2.5, 25.5466
3204, 2.5, 25.5573
3217, 2.5, 25.5875
3221, 2.5, 25.5992
3227, 2.5, 25.6172
3231, 2.5, 25.621
3237, 2.5, 25.6444
3242, 2.5, 25.6567
3252, 2.5, 25.6782
3254, 2.5, 25.6881
3269, 2.5, 25.729
3270, 2.5, 25.7359
3274, 2.5, 25.7426
3284, 2.5, 25.7715
3292, 2.5, 25.7888
3296, 2.5, 25.7975
3300, 2.5, 25.8047
3307, 2.5, 25.8241
3310, 2.5, 25.8296
3316, 2.5, 25.8438
3324, 2.5, 25.8666
3326, 2.5, 25.875
3335, 2.5, 25.9033
3349, 2.5, 25.9402
3352, 2.5, 25.9548
3355, 2.5, 25.9649
3371, 2.5, 26.0021
3373, 2.5, 26.0077
3376, 2.5, 26.0096
3386, 2.5, 26.0316
3387, 2.5, 26.0345
3397, 2.5, 26.0642
3404, 2.5, 26.0802
3408, 2.5, 26.0929
3412, 2.5, 26.1047
3426, 2.5, 26.1398
3436, 2.5, 26.1625
3440, 2.5, 26.1734
3447, 2.5, 26.1967
3455, 2.5, 26.2089
3459, 2.5, 26.2204
3463, 2.5, 26.2394
3471, 2.5, 26.2522
3473, 2.5, 26.2626
3475, 2.5, 26.267
3481, 2.5, 26.2947
3489, 2.5, 26.3129
3493, 2.5, 26.3199
3498, 2.5, 26.3329
3506, 2.5, 26.36
3512, 2.5, 26.3683
3519, 2.5, 26.3864
3524, 2.5, 26.3987
3536, 2.5, 26.429
3543, 2.5, 26.4385
3548, 2.5, 26.459
3555, 2.5, 26.472
3565, 2.5, 26.5034
3574, 2.5, 26.5191
3578, 2.5, 26.5268
3584, 2.5, 26.5407
3591, 2.5, 26.5529
3593, 2.5, 26.5585
3601, 2.5, 26.5842
3606, 2.5, 26.5943
3618, 2.5, 26.6255
3620, 2.5, 26.6353
3625, 2.5, 26.6476
3639, 2.5, 26.6679
3644, 2.5, 26.68
3647, 2.5, 26.6926
3654, 2.5, 26.7071
3659, 2.5, 26.7205
3662, 2.5, 26.7414
3666, 2.5, 26.7539
3670, 2.5, 26.7602
3687, 2.5, 26.799
3701, 2.5, 26.8292
3703, 2.5, 26.8333
3711, 2.5, 26.854
3718, 2.5, 26.8728
3719, 2.5, 26.8803
3722, 2.5, 26.8856
3735, 2.5, 26.9083
3738, 2.5, 26.9216
3744, 2.5, 26.9295
3750, 2.5, 26.9439
3762, 2.5, 26.9754
3769, 2.5, 26.9879
3779, 2.5, 27.0105
3786, 2.5, 27.0259
3790, 2.5, 27.038
3798, 2.5, 27.0504
3804, 2.5, 27.0722
3815, 2.5, 27.1019
3817, 2.5, 27.1077
3825, 2.5, 27.1287
3829, 2.5, 27.1385
3836, 2.5, 27.1514
3841, 2.5, 27.1666
3853, 2.5, 27.1894
3858, 2.5, 27.1997
3861, 2.5, 27.202
3870, 2.5, 27.2254
3872, 2.5, 27.2278
3881, 2.5, 27.251
3887, 2.5, 27.27
3895, 2.5, 27.2946
3901, 2.5, 27.3085
3907, 2.5, 27.3167
3916, 2.5, 27.3347
3927, 2.5, 27.3523
3930, 2.5, 27.3607
3935, 2.5, 27.3734
3941, 2.5, 27.3796
3945, 2.5, 27.3961
3960, 2.5, 27.4373
3965, 2.5, 27.4546
3968, 2.5, 27.4696
3981, 2.5, 27.4963
3982, 2.5, 27.5023
3995, 2.5, 27.5251
4002, 2.5, 27.5346
4006, 2.5, 27.5419
4013, 2.5, 27.5653
4021, 2.5, 27.5814
4026, 2.5, 27.5954
4034, 2.5, 27.6101
4042, 2.5, 27.6283
4044, 2.5, 27.6345
4048, 2.5, 27.6433
4049, 2.5, 27.6451
4061, 2.5, 27.6698
4062, 2.5, 27.6733
4073, 2.5, 27.6919
4079, 2.5, 27.7076
4093, 2.5, 27.7372
4100, 2.5, 27.7507
4111, 2.5, 27.7788
4114, 2.5, 27.7853
4123, 2.5, 27.8012
4128, 2.5, 27.8106
4137, 2.5, 27.837
4141, 2.5, 27.8484
4145, 2.5, 27.8589
4155, 2.5, 27.8852
4156, 2.5, 27.8923
4173, 2.5, 27.922
4176, 2.5, 27.9376
4180, 2.5, 27.9456
4184, 2.5, 27.956
4192, 2.5, 27.9795
4199, 2.5, 27.9897
4203, 2.5, 27.9959
4205, 2.5, 28.0061
4220, 2.5, 28.0366
4229, 2.5, 28.0617
4238, 2.5, 28.0827
4240, 2.5, 28.0913
4247, 2.5, 28.1069
4255, 2.5, 28.1188
4262, 2.5, 28.1349
4268, 2.5, 28.1499
4275, 2.5, 28.169
4280, 2.5, 28.1781
4282, 2.5, 28.1857
4297, 2.5, 28.2062
4304, 2.5, 28.2244
4313, 2.5, 28.2472
4318, 2.5, 28.2529
4326, 2.5, 28.2755
4336, 2.5, 28.2935
4341, 2.5, 28.304
4345, 2.5, 28.3245
4348, 2.5, 28.3315
4359, 2.5, 28.3485
4362, 2.5, 28.3558
4366, 2.5, 28.3657
4379, 2.5, 28.3972
4385, 2.5, 28.4165
4389, 2.5, 28.4244
4392, 2.5, 28.4365
4402, 2.5, 28.4574
4409, 2.5, 28.4647
4412, 2.5, 28.4797
4419, 2.5, 28.4884
4430, 2.5, 28.5084
4431, 2.5, 28.5105
4440, 2.5, 28.5343
4442, 2.5, 28.5433
4451, 2.5, 28.5699
4454, 2.5, 28.5815
4461, 2.5, 28.5927
4474, 2.5, 28.6187
4477, 2.5, 28.6245
4482, 2.5, 28.6376
4486, 2.5, 28.6455
4490, 2.5, 28.6612
4497, 2.5, 28.678
4504, 2.5, 28.6991
4511, 2.5, 28.7085
4520, 2.5, 28.7303
4528, 2.5, 28.7497
4537, 2.5, 28.7668
4546, 2.5, 28.7832
4559, 2.5, 28.8079
4566, 2.5, 28.8186
4570, 2.5, 28.8284
4574, 2.5, 28.8396
4580, 2.5, 28.8549
4582, 2.5, 28.8591
4590, 2.5, 28.8811
4595, 2.5, 28.8898
4599, 2.5, 28.8999
4603, 2.5, 28.9052
4611, 2.5, 28.9269
4617, 2.5, 28.9346
4619, 2.5, 28.9387
4632, 2.5, 28.9728
4634, 2.5, 28.9814
4648, 2.5, 29.0136
4651, 2.5, 29.0161
4664, 2.5, 29.0482
4674, 2.5, 29.069
4679, 2.5, 29.0827
4681, 2.5, 29.087
4685, 2.5, 29.0965
4693, 2.5, 29.1154
4697, 2.5, 29.128
4703, 2.5, 29.1388
4707, 2.5, 29.1432
4711, 2.5, 29.1513
4719, 2.5, 29.1705
4729, 2.5, 29.1877
4737, 2.5, 29.2055
4746, 2.5, 29.2259
4755, 2.5, 29.2439
4759, 2.5, 29.2512
4769, 2.5, 29.2844
4772, 2.5, 29.2882
4781, 2.5, 29.3122
4783, 2.5, 29.3211
4793, 2.5, 29.3417
4794, 2.5, 29.3447
4807, 2.5, 29.3667
4813, 2.5, 29.3801
4817, 2.5, 29.3889
4825, 2.5, 29.4119
4830, 2.5, 29.4207
4834, 2.5, 29.4271
4839, 2.5, 29.4435
4857, 2.5, 29.4769
4866, 2.5, 29.4936
4869, 2.5, 29.5007
4870, 2.5, 29.5115
4876, 2.5, 29.5186
4880, 2.5, 29.5282
4893, 2.5, 29.5594
4903, 2.5, 29.5751
4907, 2.5, 29.5849
4912, 2.5, 29.5968
4919, 2.5, 29.6087
4929, 2.5, 29.6231
4933, 2.5, 29.6285
4936, 2.5, 29.6448
4938, 2.5, 29.6503
4948, 2.5, 29.6749
4954, 2.5, 29.6888
4960, 2.5, 29.7061
4966, 2.5, 29.7135
4974, 2.5, 29.7324
4981, 2.5, 29.7553
4985, 2.5, 29.767
4987, 2.5, 29.7693
4995, 2.5, 29.7842
5009, 2.5, 29.8141
5023, 2.5, 29.8364
5025, 2.5, 29.8409
5035, 2.5, 29.8629
5039, 2.5, 29.87
5045, 2.5, 29.8797
5056, 2.5, 29.9002
5060, 2.5, 29.9097
5067, 2.5, 29.9233
5074, 2.5, 29.9428
5078, 2.5, 29.9524
5087, 2.5, 29.9701
5091, 2.5, 29.9801
5103, 2.5, 30.005
5111, 2.5, 30.026
5119, 2.5, 30.042
5124, 2.5, 30.0495
5134, 2.5, 30.0711
5137, 2.5, 30.0753
5143, 2.5, 30.0928
5147, 2.5, 30.0963
5158, 2.5, 30.1218
5169, 2.5, 30.1465
5170, 2.5, 30.1467
5179, 2.5, 30.1646
5184, 2.5, 30.1825
5196, 2.5, 30.2037
5201, 2.5, 30.2157
5203, 2.5, 30.2179
5208, 2.5, 30.2328
5213, 2.5, 30.2456
5220, 2.5, 30.258
5224, 2.5, 30.2633
5235, 2.5, 30.2842
5241, 2.5, 30.2997
5248, 2.5, 30.3159
5250, 2.5, 30.323
5257, 2.5, 30.3352
5269, 2.5, 30.3586
5272, 2.5, 30.362
5274, 2.5, 30.3661
5287, 2.5, 30.394
5291, 2.5, 30.4067
5298, 2.5, 30.4286
5307, 2.5, 30.4426
5312, 2.5, 30.4533
5321, 2.5, 30.4705
5335, 2.5, 30.4972
5338, 2.5, 30.5041
5348, 2.5, 30.5214
5350, 2.5, 30.5227
5351, 2.5, 30.5271
5364, 2.5, 30.5541
5372, 2.5, 30.5718
5374, 2.5, 30.5778
5380, 2.5, 30.5908
5390, 2.5, 30.6053
5398, 2.5, 30.6266
5400, 2.5, 30.6369
5404, 2.5, 30.6489
5414, 2.5, 30.6662
5419, 2.5, 30.6773
5424, 2.5, 30.688
5426, 2.5, 30.6953
5431, 2.5, 30.7062
5440, 2.5, 30.7316
5451, 2.5, 30.7521
5454, 2.5, 30.757
5462, 2.5, 30.7718
5468, 2.5, 30.791
5474, 2.5, 30.8044
5484, 2.5, 30.8203
5494, 2.5, 30.8381
5496, 2.5, 30.8424
5509, 2.5, 30.8751
5512, 2.5, 30.8826
5515, 2.5, 30.8864
5523, 2.5, 30.9045
5530, 2.5, 30.9184
5537, 2.5, 30.9427
5540, 2.5, 30.948
5545, 2.5, 30.9526
5555, 2.5, 30.9755
5567, 2.5, 31.0123
5575, 2.5, 31.0245
5578, 2.5, 31.0288
5588, 2.5, 31.0516
5593, 2.5, 31.0639
5597, 2.5, 31.0713
5603, 2.5, 31.0855
5609, 2.5, 31.0944
5614, 2.5, 31.1051
5622, 2.5, 31.1187
5628, 2.5, 31.1344
5634, 2.5, 31.1451
5644, 2.5, 31.1679
5647, 2.5, 31.1768
5662, 2.5, 31.2145
5667, 2.5, 31.225
5675, 2.5, 31.2436
5682, 2.5, 31.2527
5686, 2.5, 31.2633
5699, 2.5, 31.2816
5704, 2.5, 31.2919
5713, 2.5, 31.3154
5722, 2.5, 31.3396
5730, 2.5, 31.351
5736, 2.5, 31.3691
5742, 2.5, 31.3774
5747, 2.5, 31.3845
5758, 2.5, 31.4129
5765, 2.5, 31.4307
5768, 2.5, 31.4342
5774, 2.5, 31.4535
5784, 2.5, 31.4713
5791, 2.5, 31.485
5797, 2.5, 31.5026
5804, 2.5, 31.5172
5814, 2.5, 31.5353
5821, 2.5, 31.5493
5826, 2.5, 31.5581
5829, 2.5, 31.5679
5837, 2.5, 31.5805
5840, 2.5, 31.5847
5846, 2.5, 31.5969
5856, 2.5, 31.6201
5864, 2.5, 31.6386
5870, 2.5, 31.6531
5877, 2.5, 31.6682
5881, 2.5, 31.68
5882, 2.5, 31.6827
5891, 2.5, 31.7025
5893, 2.5, 31.7072
5908, 2.5, 31.731
5911, 2.5, 31.74
5919, 2.5, 31.761
5932, 2.5, 31.7924
5942, 2.5, 31.806
5945, 2.5, 31.8112
5952, 2.5, 31.8291
5960, 2.5, 31.8451
5965, 2.5, 31.8526
5975, 2.5, 31.8782
5979, 2.5, 31.8919
5986, 2.5, 31.9079
5992, 2.5, 31.9213
6002, 2.5, 31.9423
6010, 2.5, 31.9562
6011, 2.5, 31.9594
6015, 2.5, 31.9725
6023, 2.5, 31.9929
6027, 2.5, 32.0024
6031, 2.5, 32.0107
6040, 2.5, 32.0303
6044, 2.5, 32.0409
6049, 2.5, 32.0496
6054, 2.5, 32.0558
6061, 2.5, 32.0767
6068, 2.5, 32.0912
6072, 2.5, 32.0938
6082, 2.5, 32.1145
6085, 2.5, 32.1228
6092, 2.5, 32.1365
6097, 2.5, 32.1479
6110, 2.5, 32.177
6117, 2.5, 32.1874
6121, 2.5, 32.2009
6126, 2.5, 32.2143
6133, 2.5, 32.2284
6138, 2.5, 32.2383
6145, 2.5, 32.2523
6155, 2.5, 32.2766
6169, 2.5, 32.2997
6172, 2.5, 32.3074
6174, 2.5, 32.3094
6180, 2.5, 32.3248
6186, 2.5, 32.336
6195, 2.5, 32.3527
6199, 2.5, 32.3612
6210, 2.5, 32.3943
6225, 2.5, 32.4172
6228, 2.5, 32.4277
6239, 2.5, 32.448
6241, 2.5, 32.4532
6252, 2.5, 32.4726
6253, 2.5, 32.48
6257, 2.5, 32.4915
6261, 2.5, 32.4968
6267, 2.5, 32.5112
6276, 2.5, 32.5246
6282, 2.5, 32.5358
6295, 2.5, 32.5678
6305, 2.5, 32.587
6315, 2.5, 32.599
6317, 2.5, 32.6013
6324, 2.5, 32.6196
6326, 2.5, 32.6242
6334, 2.5, 32.6399
6340, 2.5, 32.6532
6349, 2.5, 32.6705
6363, 2.5, 32.6966
6371, 2.5, 32.7155
6378, 2.5, 32.7344
6381, 2.5, 32.7362
6382, 2.5, 32.7385
6385, 2.5, 32.7437
6398, 2.5, 32.7714
6403, 2.5, 32.7833
6415, 2.5, 32.8054
6419, 2.5, 32.8204
6428, 2.5, 32.8378
6433, 2.5, 32.8435
6437, 2.5, 32.8542
6443, 2.5, 32.863
6452, 2.5, 32.8917
6461, 2.5, 32.9095
6465, 2.5, 32.9178
6467, 2.5, 32.9243
6474, 2.5, 32.9392
6479, 2.5, 32.9546
6489, 2.5, 32.973
6495, 2.5, 32.9797
6498, 2.5, 32.9884
6507, 2.5, 33.0132
6522, 2.5, 33.0431
6527, 2.5, 33.0581
6532, 2.5, 33.0643
6534, 2.5, 33.0653
6545, 2.5, 33.0947
6548, 2.5, 33.0979
6557, 2.5, 33.1146
6560, 2.5, 33.1233
6574, 2.5, 33.153
6578, 2.5, 33.1617
6581, 2.5, 33.1656
6584, 2.5, 33.1711
6586, 2.5, 33.1794
6603, 2.5, 33.2151
6606, 2.5, 33.2211
6607, 2.5, 33.2258
6619, 2.5, 33.2476
6625, 2.5, 33.2593
6633, 2.5, 33.2699
6648, 2.5, 33.3047
6649, 2.5, 33.3097
6653, 2.5, 33.3224
6663, 2.5, 33.3456
6669, 2.5, 33.3594
6684, 2.5, 33.3941
6688, 2.5, 33.4005
6696, 2.5, 33.4124
6702, 2.5, 33.4319
6708, 2.5, 33.4447
6717, 2.5, 33.4637
6723, 2.5, 33.4748
6727, 2.5, 33.4812
6736, 2.5, 33.4978
6740, 2.5, 33.5042
6748, 2.5, 33.5238
6755, 2.5, 33.5491
6767, 2.5, 33.5676
6769, 2.5, 33.5718
6776, 2.5, 33.586
6788, 2.5, 33.6084
6790, 2.5, 33.6113
6797, 2.5, 33.6269
6804, 2.5, 33.6395
6808, 2.5, 33.6534
6820, 2.5, 33.6804
6823, 2.5, 33.6896
6832, 2.5, 33.7043
6835, 2.5, 33.7095
6837, 2.5, 33.7174
6849, 2.5, 33.741
6857, 2.5, 33.7525
6861, 2.5, 33.7601
6869, 2.5, 33.7862
6880, 2.5, 33.814
6883, 2.5, 33.8175
6892, 2.5, 33.8425
6895, 2.5, 33.8545
6907, 2.5, 33.8759
6917, 2.5, 33.8911
6922, 2.5, 33.9076
6926, 2.5, 33.9145
6930, 2.5, 33.9185
6938, 2.5, 33.935
6957, 2.5, 33.9719
6962, 2.5, 33.9819
6972, 2.5, 34.0059
6976, 2.5, 34.0117
6977, 2.5, 34.0127
6989, 2.5, 34.0301
6992, 2.5, 34.0356
7002, 2.5, 34.0581
7006, 2.5, 34.0649
7007, 2.5, 34.0709
7022, 2.5, 34.1019
7028, 2.5, 34.1132
7033, 2.5, 34.1288
7043, 2.5, 34.1405
7052, 2.5, 34.1642
7056, 2.5, 34.1692
7064, 2.5, 34.1883
7073, 2.5, 34.2091
7077, 2.5, 34.2162
7082, 2.5, 34.2301
7091, 2.5, 34.2501
7104, 2.5, 34.2702
7107, 2.5, 34.2768
7112, 2.5, 34.2884
7118, 2.5, 34.3034
7125, 2.5, 34.3169
7131, 2.5, 34.3285
7134, 2.5, 34.3346
7146, 2.5, 34.3613
7152, 2.5, 34.3742
7157, 2.5, 34.3832
7159, 2.5, 34.3843
7168, 2.5, 34.4011
7173, 2.5, 34.4179
7180, 2.5, 34.4301
7182, 2.5, 34.4388
7201, 2.5, 34.485
7204, 2.5, 34.4881
7208, 2.5, 34.498
7212, 2.5, 34.5079
7222, 2.5, 34.5264
7234, 2.5, 34.5585
7238, 2.5, 34.5683
7244, 2.5, 34.5833
7252, 2.5, 34.5989
7259, 2.5, 34.6074
7262, 2.5, 34.6123
7274, 2.5, 34.6506
7276, 2.5, 34.6587
7286, 2.5, 34.6759
7291, 2.5, 34.6874
7301, 2.5, 34.7036
7312, 2.5, 34.7252
7315, 2.5, 34.7319
7322, 2.5, 34.7459
7326, 2.5, 34.7575
7334, 2.5, 34.7782
7339, 2.5, 34.7889
7347, 2.5, 34.815
7351, 2.5, 34.8205
7361, 2.5, 34.837
7367, 2.5, 34.8529
7378, 2.5, 34.8744
7389, 2.5, 34.8955
7394, 2.5, 34.91
7399, 2.5, 34.9207
7407, 2.5, 34.9337
7411, 2.5, 34.9394
7413, 2.5, 34.943
7420, 2.5, 34.9608
7432, 2.5, 34.9894
7440, 2.5, 35.0073
7445, 2.5, 35.015
7450, 2.5, 35.0233
7453, 2.5, 35.0322
7465, 2.5, 35.0559
7476, 2.5, 35.0843
7481, 2.5, 35.0911
7486, 2.5, 35.1076
7489, 2.5, 35.116
7499, 2.5, 35.1344
7504, 2.5, 35.1421
7510, 2.5, 35.1543
7511, 2.5, 35.1623
7514, 2.5, 35.1714
7527, 2.5, 35.199
7532, 2.5, 35.2071
7545, 2.5, 35.2239
7555, 2.5, 35.2467
7559, 2.5, 35.2603
7564, 2.5, 35.2756
7570, 2.5, 35.2834
7579, 2.5, 35.3024
7581, 2.5, 35.316
7592, 2.5, 35.3322
7596, 2.5, 35.3372
7603, 2.5, 35.356
7606, 2.5, 35.366
7610, 2.5, 35.3738
7615, 2.5, 35.3849
7634, 2.5, 35.4163
7640, 2.5, 35.4327
7642, 2.5, 35.4448
7649, 2.5, 35.4663
7665, 2.5, 35.4952
7668, 2.5, 35.5008
7675, 2.5, 35.5153
7678, 2.5, 35.5246
7685, 2.5, 35.5369
7692, 2.5, 35.5533
7700, 2.5, 35.5765
7707, 2.5, 35.5914
7713, 2.5, 35.6051
7719, 2.5, 35.6145
7729, 2.5, 35.6384
7733, 2.5, 35.6431
7741, 2.5, 35.6555
7747, 2.5, 35.6715
7749, 2.5, 35.6739
7758, 2.5, 35.7024
7764, 2.5, 35.7104
7767, 2.5, 35.7219
7780, 2.5, 35.7543
7787, 2.5, 35.7667
7792, 2.5, 35.7746
7800, 2.5, 35.7945
7808, 2.5, 35.8129
7825, 2.5, 35.8408
7833, 2.5, 35.8537
7834, 2.5, 35.8581
7840, 2.5, 35.8724
7842, 2.5, 35.8874
7847, 2.5, 35.8975
7863, 2.5, 35.9214
7868, 2.5, 35.9323
7877, 2.5, 35.9529
7881, 2.5, 35.9573
7889, 2.5, 35.9807
7900, 2.5, 36.0065
7905, 2.5, 36.0166
7908, 2.5, 36.0308
7912, 2.5, 36.0375
7922, 2.5, 36.0579
7925, 2.5, 36.0688
7935, 2.5, 36.0859
7945, 2.5, 36.1082
7951, 2.5, 36.1255
7963, 2.5, 36.1469
7968, 2.5, 36.1589
7971, 2.5, 36.1664
7982, 2.5, 36.1795
7984, 2.5, 36.1857
7988, 2.5, 36.2011
7998, 2.5, 36.2203
8002, 2.5, 36.2274
8008, 2.5, 36.2403
8013, 2.5, 36.2528
8024, 2.5, 36.2805
8040, 2.5, 36.3164
8042, 2.5, 36.3201
8051, 2.5, 36.3397
8056, 2.5, 36.3509
8060, 2.5, 36.3602
8061, 2.5, 36.3666
8068, 2.5, 36.3825
8078, 2.5, 36.4027
8082, 2.5, 36.4084
8095, 2.5, 36.4361
8101, 2.5, 36.4592
8104, 2.5, 36.4638
8109, 2.5, 36.4715
8121, 2.5, 36.501
8131, 2.5, 36.5206
8136, 2.5, 36.5331
8138, 2.5, 36.5349
8144, 2.5, 36.5467
8152, 2.5, 36.5698
8166, 2.5, 36.5985
8168, 2.5, 36.6049
8173, 2.5, 36.6139
8183, 2.5, 36.6291
8204, 2.5, 36.6726
8206, 2.5, 36.6767
8210, 2.5, 36.6819
8214, 2.5, 36.6928
8222, 2.5, 36.7019
8232, 2.5, 36.731
8239, 2.5, 36.7461
8245, 2.5, 36.7653
8253, 2.5, 36.7841
8258, 2.5, 36.7941
8264, 2.5, 36.8063
8274, 2.5, 36.8208
8285, 2.5, 36.8472
8293, 2.5, 36.8672
8296, 2.5, 36.8726
8306, 2.5, 36.8913
8314, 2.5, 36.9113
8317, 2.5, 36.9177
8318, 2.5, 36.922
8322, 2.5, 36.931
8335, 2.5, 36.9596
8344, 2.5, 36.977
8350, 2.5, 36.9906
8357, 2.5, 37.0119
8362, 2.5, 37.0244
8363, 2.5, 37.0273
8374, 2.5, 37.0551
8378, 2.5, 37.0609
8386, 2.5, 37.0753
8393, 2.5, 37.0858
8400, 2.5, 37.0989
8411, 2.5, 37.1305
8417, 2.5, 37.1419
8426, 2.5, 37.1667
8435, 2.5, 37.1911
8440, 2.5, 37.1974
8449, 2.5, 37.2241
8453, 2.5, 37.2339
8461, 2.5, 37.2516
8465, 2.5, 37.2688
8469, 2.5, 37.2794
8486, 2.5, 37.3088
8491, 2.5, 37.3233
8496, 2.5, 37.3334
8507, 2.5, 37.3606
8512, 2.5, 37.3735
8517, 2.5, 37.3792
8525, 2.5, 37.394
8530, 2.5, 37.4091
8537, 2.5, 37.4224
8541, 2.5, 37.4335
8548, 2.5, 37.4537
8558, 2.5, 37.4714
8563, 2.5, 37.4752
8574, 2.5, 37.5078
8576, 2.5, 37.5134
8589, 2.5, 37.5441
8591, 2.5, 37.5462
8599, 2.5, 37.5653
8608, 2.5, 37.5893
8616, 2.5, 37.6042
8619, 2.5, 37.6127
8634, 2.5, 37.6411
8639, 2.5, 37.6538
8645, 2.5, 37.6736
8648, 2.5, 37.6833
8657, 2.5, 37.7012
8662, 2.5, 37.7072
8669, 2.5, 37.7271
8673, 2.5, 37.746
8687, 2.5, 37.785
8694, 2.5, 37.7964
8696, 2.5, 37.7999
8701, 2.5, 37.8116
8708, 2.5, 37.826
8722, 2.5, 37.8606
8729, 2.5, 37.875
8738, 2.5, 37.8993
8745, 2.5, 37.912
8747, 2.5, 37.9143
8753, 2.5, 37.928
8756, 2.5, 37.9373
8769, 2.5, 37.9698
8771, 2.5, 37.9851
8777, 2.5, 37.9932
8791, 2.5, 38.0183
8796, 2.5, 38.0271
8799, 2.5, 38.0378
8806, 2.5, 38.0601
8808, 2.5, 38.0638
8817, 2.5, 38.0817
8828, 2.5, 38.1082
8836, 2.5, 38.125
8845, 2.5, 38.1481
8852, 2.5, 38.1584
8854, 2.5, 38.1623
8859, 2.5, 38.1761
8865, 2.5, 38.19
8877, 2.5, 38.2226
8881, 2.5, 38.2325
8888, 2.5, 38.2491
8894, 2.5, 38.2643
8903, 2.5, 38.2756
8911, 2.5, 38.2965
8915, 2.5, 38.3096
8937, 2.5, 38.3524
8941, 2.5, 38.3613
8947, 2.5, 38.3819
8953, 2.5, 38.3957
8962, 2.5, 38.4137
8969, 2.5, 38.4316
8974, 2.5, 38.4411
8979, 2.5, 38.4495
8989, 2.5, 38.4775
8991, 2.5, 38.4923
8999, 2.5, 38.5024
9007, 2.5, 38.515
9017, 2.5, 38.5362
9026, 2.5, 38.5578
9033, 2.5, 38.5766
9037, 2.5, 38.5869
9045, 2.5, 38.6113
9050, 2.5, 38.6262
9052, 2.5, 38.6276
9062, 2.5, 38.6592
9068, 2.5, 38.6778
9074, 2.5, 38.6863
9080, 2.5, 38.6962
9089, 2.5, 38.7251
9095, 2.5, 38.738
9108, 2.5, 38.7715
9113, 2.5, 38.784
9116, 2.5, 38.7882
9128, 2.5, 38.8136
9131, 2.5, 38.8231
9140, 2.5, 38.847
9151, 2.5, 38.8761
9154, 2.5, 38.8813
9159, 2.5, 38.8919
9169, 2.5, 38.9185
9179, 2.5, 38.9405
9185, 2.5, 38.9525
9192, 2.5, 38.975
9197, 2.5, 38.9815
9212, 2.5, 39.0146
9216, 2.5, 39.0243
9219, 2.5, 39.03
9226, 2.5, 39.0504
9232, 2.5, 39.0684
9235, 2.5, 39.0794
9245, 2.5, 39.1027
9258, 2.5, 39.1244
9263, 2.5, 39.1378
9272, 2.5, 39.1533
9280, 2.5, 39.175
9292, 2.5, 39.2054
9296, 2.5, 39.2218
9304, 2.5, 39.2389
9309, 2.5, 39.255
9315, 2.5, 39.2697
9320, 2.5, 39.2788
9327, 2.5, 39.2932
9329, 2.5, 39.295
9334, 2.5, 39.3164
9344, 2.5, 39.3416
9351, 2.5, 39.3633
9358, 2.5, 39.3748
9362, 2.5, 39.3948
9366, 2.5, 39.4048
9376, 2.5, 39.4256
9382, 2.5, 39.4348
9390, 2.5, 39.4516
9396, 2.5, 39.4669
9402, 2.5, 39.4836
9412, 2.5, 39.5118
9417, 2.5, 39.5232
9426, 2.5, 39.5443
9431, 2.5, 39.5593
9440, 2.5, 39.5888
9447, 2.5, 39.6086
9452, 2.5, 39.6162
9459, 2.5, 39.628
9470, 2.5, 39.6526
9479, 2.5, 39.6702
9485, 2.5, 39.6946
9489, 2.5, 39.7008
9499, 2.5, 39.7281
9502, 2.5, 39.7378
9506, 2.5, 39.7439
9513, 2.5, 39.7634
9522, 2.5, 39.7885
9531, 2.5, 39.8142
9544, 2.5, 39.8399
9551, 2.5, 39.8581
9562, 2.5, 39.8813
9567, 2.5, 39.9017
9571, 2.5, 39.9117
9583, 2.5, 39.9434
9584, 2.5, 39.9463
9590, 2.5, 39.9656
9593, 2.5, 39.9757
9599, 2.5, 39.9905
9602, 2.5, 39.9942
9618, 2.5, 40.0386
9629, 2.5, 40.0643
9635, 2.5, 40.0751
9641, 2.5, 40.0922
9645, 2.5, 40.1009
9650, 2.5, 40.1108
9660, 2.5, 40.1393
9668, 2.5, 40.159
9680, 2.5, 40.1914
9690, 2.5, 40.2087
9693, 2.5, 40.2187
9704, 2.5, 40.2495
9708, 2.5, 40.2609
9714, 2.5, 40.2693
9727, 2.5, 40.3106
9728, 2.5, 40.314
9736, 2.5, 40.3316
9747, 2.5, 40.3575
9754, 2.5, 40.3747
9756, 2.5, 40.387
9765, 2.5, 40.4136
9769, 2.5, 40.422
9777, 2.5, 40.4414
9781, 2.5, 40.4484
9784, 2.5, 40.458
9798, 2.5, 40.4935
9802, 2.5, 40.5023
9811, 2.5, 40.5225
9822, 2.5, 40.5403
9830, 2.5, 40.5675
9833, 2.5, 40.5842
9842, 2.5, 40.6147
9845, 2.5, 40.6245
9855, 2.5, 40.6543
9862, 2.5, 40.6678
9869, 2.5, 40.6802
9871, 2.5, 40.6858
9884, 2.5, 40.7164
9891, 2.5, 40.7375
9898, 2.5, 40.752
9902, 2.5, 40.7572
9909, 2.5, 40.7788
9915, 2.5, 40.7995
9926, 2.5, 40.8391
9936, 2.5, 40.8639
9938, 2.5, 40.8687
9949, 2.5, 40.8942
9956, 2.5, 40.9177
9958, 2.5, 40.9264
9967, 2.5, 40.948
9973, 2.5, 40.966
9981, 2.5, 40.9827
9988, 2.5, 40.9958
9995, 2.5, 41.0133
9997, 2.5, 41.0155
9999, 2.5, 41.0231
10008, 2.5, 41.0523
10011, 2.5, 41.0671
10025, 2.5, 41.0938
10027, 2.5, 41.1124
10038, 2.5, 41.1359
10044, 2.5, 41.1493
10047, 2.5, 41.1574
10057, 2.5, 41.179
10064, 2.5, 41.205
10074, 2.5, 41.2284
10079, 2.5, 41.2447
10085, 2.5, 41.2678
10094, 2.5, 41.2914
10103, 2.5, 41.3123
10109, 2.5, 41.3371
10114, 2.5, 41.3492
10125, 2.5, 41.3877
10129, 2.5, 41.3977
10134, 2.5, 41.4132
10142, 2.5, 41.4436
10151, 2.5, 41.4584
10154, 2.5, 41.4655
10162, 2.5, 41.4869
10167, 2.5, 41.4958
10171, 2.5, 41.5127
10176, 2.5, 41.5237
10193, 2.5, 41.5803
10200, 2.5, 41.5984
10209, 2.5, 41.6172
10212, 2.5, 41.6247
10219, 2.5, 41.6435
10227, 2.5, 41.667
10230, 2.5, 41.6746
10236, 2.5, 41.7021
10246, 2.5, 41.7281
10252, 2.5, 41.7384
10263, 2.5, 41.777
10267, 2.5, 41.7879
10272, 2.5, 41.8048
10278, 2.5, 41.8265
10285, 2.5, 41.8437
10293, 2.5, 41.8676
10296, 2.5, 41.8745
10311, 2.5, 41.9099
10316, 2.5, 41.9273
10326, 2.5, 41.9516
10336, 2.5, 41.9873
10340, 2.5, 41.9945
10345, 2.5, 42.0126
10354, 2.5, 42.0462
10365, 2.5, 42.0699
10369, 2.5, 42.0774
10374, 2.5, 42.1064
10379, 2.5, 42.1268
10385, 2.5, 42.1456
10395, 2.5, 42.1792
10399, 2.5, 42.183
10403, 2.5, 42.2026
10412, 2.5, 42.2224
10416, 2.5, 42.236
10425, 2.5, 42.2611
10430, 2.5, 42.2659
10435, 2.5, 42.2878
10447, 2.5, 42.3379
10452, 2.5, 42.3477
10459, 2.5, 42.3679
10468, 2.5, 42.388
10482, 2.5, 42.4294
10485, 2.5, 42.4355
10489, 2.5, 42.4433
10499, 2.5, 42.4733
10501, 2.5, 42.4789
10511, 2.5, 42.5144
10523, 2.5, 42.5403
10526, 2.5, 42.5533
10532, 2.5, 42.5763
10534, 2.5, 42.584
10548, 2.5, 42.6448
10556, 2.5, 42.6599
10561, 2.5, 42.6748
10565, 2.5, 42.6882
10567, 2.5, 42.6984
10587, 2.5, 42.7395
10593, 2.5, 42.7644
10600, 2.5, 42.7809
10601, 2.5, 42.7827
10610, 2.5, 42.8182
10615, 2.5, 42.8327
10626, 2.5, 42.8706
10635, 2.5, 42.9068
10643, 2.5, 42.9306
10645, 2.5, 42.934
10660, 2.5, 42.9785
10662, 2.5, 42.9836
10670, 2.5, 43.0064
10680, 2.5, 43.0339
10696, 2.5, 43.0699
10700, 2.5, 43.0946
10703, 2.5, 43.1212
10715, 2.5, 43.1608
10720, 2.5, 43.1805
10721, 2.5, 43.1889
10730, 2.5, 43.2161
10733, 2.5, 43.2227
10738, 2.5, 43.2502
10742, 2.5, 43.2601
10750, 2.5, 43.2867
10758, 2.5, 43.3074
10765, 2.5, 43.3293
10774, 2.5, 43.3598
10782, 2.5, 43.3819
10786, 2.5, 43.3961
10791, 2.5, 43.4103
10802, 2.5, 43.4525
10804, 2.5, 43.456
10806, 2.5, 43.4667
10823, 2.5, 43.5225
10829, 2.5, 43.5503
10835, 2.5, 43.5692
10840, 2.5, 43.5856
10850, 2.5, 43.615
10854, 2.5, 43.6288
10862, 2.5, 43.6502
10868, 2.5, 43.6769
10877, 2.5, 43.7063
10884, 2.5, 43.7303
10892, 2.5, 43.7503
10896, 2.5, 43.7618
10904, 2.5, 43.7848
10912, 2.5, 43.8187
10929, 2.5, 43.8675
10931, 2.5, 43.8737
10934, 2.5, 43.8879
10949, 2.5, 43.9335
10951, 2.5, 43.9393
10959, 2.5, 43.9667
10961, 2.5, 43.9735
10968, 2.5, 44.0072
10975, 2.5, 44.0304
10988, 2.5, 44.0755
10994, 2.5, 44.0885
11002, 2.5, 44.1191
11007, 2.5, 44.1471
11013, 2.5, 44.1677
11016, 2.5, 44.1785
11022, 2.5, 44.2064
11037, 2.5, 44.2528
11040, 2.5, 44.2678
11044, 2.5, 44.2785
11051, 2.5, 44.297
11057, 2.5, 44.3301
11066, 2.5, 44.3612
11069, 2.5, 44.377
11073, 2.5, 44.3852
11089, 2.5, 44.4495
11094, 2.5, 44.4635
11095, 2.5, 44.4736
11108, 2.5, 44.5185
11120, 2.5, 44.5642
11123, 2.5, 44.5724
11127, 2.5, 44.5874
11133, 2.5, 44.622
11142, 2.5, 44.6385
11147, 2.5, 44.6699
11152, 2.5, 44.6881
11159, 2.5, 44.7103
11179, 2.5, 44.7846
11191, 2.5, 44.8191
11196, 2.5, 44.8376
11207, 2.5, 44.872
11212, 2.5, 44.8863
11215, 2.5, 44.9028
11221, 2.5, 44.9269
11227, 2.5, 44.9517
11230, 2.5, 44.9618
11248, 2.5, 45.0401
11251, 2.5, 45.0513
11258, 2.5, 45.0655
11266, 2.5, 45.1023
11276, 2.5, 45.1428
11283, 2.5, 45.1753
11286, 2.5, 45.1892
11293, 2.5, 45.2114
11298, 2.5, 45.2183
11312, 2.5, 45.2612
11322, 2.5, 45.3165
11326, 2.5, 45.3272
11329, 2.5, 45.3389
11333, 2.5, 45.3506
11338, 2.5, 45.3602
11351, 2.5, 45.4234
11360, 2.5, 45.4497
11365, 2.5, 45.4635
11378, 2.5, 45.5135
11383, 2.5, 45.5558
11391, 2.5, 45.5807
11394, 2.5, 45.5908
11398, 2.5, 45.6147
11413, 2.5, 45.6527
11421, 2.5, 45.6865
11422, 2.5, 45.6901
11425, 2.5, 45.7184
11441, 2.5, 45.7717
11450, 2.5, 45.8061
11459, 2.5, 45.8339
11463, 2.5, 45.8495
11470, 2.5, 45.8794
11474, 2.5, 45.8929
11487, 2.5, 45.9386
11494, 2.5, 45.9628
11501, 2.5, 45.9967
11506, 2.5, 46.0227
11512, 2.5, 46.0367
11516, 2.5, 46.0533
11528, 2.5, 46.1075
11530, 2.5, 46.119
11547, 2.5, 46.2008
11558, 2.5, 46.2448
11559, 2.5, 46.257
11565, 2.5, 46.2682
11575, 2.5, 46.3148
11580, 2.5, 46.3405
11589, 2.5, 46.368
11592, 2.5, 46.3764
11600, 2.5, 46.4098
11604, 2.5, 46.4273
11613, 2.5, 46.4678
11619, 2.5, 46.4921
11621, 2.5, 46.4993
11634, 2.5, 46.5502
11641, 2.5, 46.5818
11650, 2.5, 46.6376
11652, 2.5, 46.6424
11660, 2.5, 46.6621
11668, 2.5, 46.7008
11673, 2.5, 46.7267
11682, 2.5, 46.7544
11686, 2.5, 46.7701
11695, 2.5, 46.8093
11699, 2.5, 46.8374
11706, 2.5, 46.8725
11714, 2.5, 46.9193
11726, 2.5, 46.9543
11731, 2.5, 46.9918
11735, 2.5, 47.0235
11743, 2.5, 47.0634
11757, 2.5, 47.1353
11763, 2.5, 47.1605
11768, 2.5, 47.1815
11776, 2.5, 47.234
11783, 2.5, 47.2688
11789, 2.5, 47.2922
11794, 2.5, 47.315
11813, 2.5, 47.3842
11817, 2.5, 47.4007
11822, 2.5, 47.4369
11834, 2.5, 47.4981
11845, 2.5, 47.563
11849, 2.5, 47.582
11859, 2.5, 47.6299
11862, 2.5, 47.646
11873, 2.5, 47.6911
11879, 2.5, 47.7322
11883, 2.5, 47.76
11888, 2.5, 47.7858
11900, 2.5, 47.8352
11905, 2.5, 47.8751
11914, 2.5, 47.9108
11919, 2.5, 47.9383
11926, 2.5, 47.9731
11940, 2.5, 48.076
11941, 2.5, 48.0798
11951, 2.5, 48.1115
11953, 2.5, 48.1254
11971, 2.5, 48.2331
11975, 2.5, 48.2588
11981, 2.5, 48.2663
11990, 2.5, 48.3145
11995, 2.5, 48.3521
12003, 2.5, 48.3921
12010, 2.5, 48.4186
12021, 2.5, 48.4926
12023, 2.5, 48.505
12029, 2.5, 48.5367
12035, 2.5, 48.563
12042, 2.5, 48.6246
12048, 2.5, 48.6382
12050, 2.5, 48.6568
12061, 2.5, 48.7321
12070, 2.5, 48.7626
12073, 2.5, 48.7847
12084, 2.5, 48.8326
12091, 2.5, 48.8697
12096, 2.5, 48.8979
12104, 2.5, 48.9484
12107, 2.5, 48.977
12119, 2.5, 49.0544
12120, 2.5, 49.0604
12132, 2.5, 49.1457
12135, 2.5, 49.1628
12146, 2.5, 49.2268
12153, 2.5, 49.2521
12164, 2.5, 49.3274
12170, 2.5, 49.3535
12183, 2.5, 49.4224
12186, 2.5, 49.4417
12193, 2.5, 49.4894
12203, 2.5, 49.55
12205, 2.5, 49.5661
12213, 2.5, 49.6069
12219, 2.5, 49.6318
12228, 2.5, 49.6925
12233, 2.5, 49.7189
12244, 2.5, 49.8061
12253, 2.5, 49.859
12256, 2.5, 49.8788
12270, 2.5, 49.9928
12273, 2.5, 50.0171
12285, 2.5, 50.091
12291, 2.5, 50.1284
12293, 2.5, 50.1363
12297, 2.5, 50.1751
12308, 2.5, 50.2229
12310, 2.5, 50.2426
12317, 2.5, 50.3217
12325, 2.5, 50.3864
12330, 2.5, 50.4112
12340, 2.5, 50.4741
12351, 2.5, 50.5621
12356, 2.5, 50.5955
12363, 2.5, 50.6408
12364, 2.5, 50.6506
12383, 2.5, 50.7943
12389, 2.5, 50.8636
12400, 2.5, 50.9401
12407, 2.5, 50.9933
12415, 2.5, 51.0392
12431, 2.5, 51.1657
12438, 2.5, 51.2138
12446, 2.5, 51.3
12448, 2.5, 51.3293
12459, 2.5, 51.3925
12464, 2.5, 51.4733
12469, 2.5, 51.5197
12476, 2.5, 51.5566
12481, 2.5, 51.6011
12492, 2.5, 51.6787
12501, 2.5, 51.7648
12506, 2.5, 51.8014
12512, 2.5, 51.8584
12517, 2.5, 51.9409
12524, 2.5, 51.999
12541, 2.5, 52.13
12546, 2.5, 52.1861
12551, 2.5, 52.2738
12554, 2.5, 52.289
12565, 2.5, 52.3845
12574, 2.5, 52.4642
12579, 2.5, 52.5304
12587, 2.5, 52.5924
12590, 2.5, 52.6277
12595, 2.5, 52.6717
12598, 2.5, 52.7054
12607, 2.5, 52.7951
12616, 2.5, 52.8844
12622, 2.5, 52.9345
12630, 2.5, 53.0164
12649, 2.5, 53.2139
12650, 2.5, 53.2389
12652, 2.5, 53.2712
12664, 2.5, 53.4337
12667, 2.5, 53.4939
12668, 2.5, 53.5023
12688, 2.5, 53.7014
12691, 2.5, 53.7508
12704, 2.5, 53.8919
12706, 2.5, 53.9267
12724, 2.5, 54.1194
12727, 2.5, 54.1533
12735, 2.5, 54.2834
12741, 2.5, 54.3485
12744, 2.5, 54.3797
12760, 2.5, 54.6174
12768, 2.5, 54.7123
12770, 2.5, 54.7416
12781, 2.5, 54.9252
12788, 2.5, 55.0121
12805, 2.5, 55.2964
12817, 2.5, 55.4716
12825, 2.5, 55.6037
12830, 2.5, 55.6577
12841, 2.5, 55.8909
12848, 2.5, 56.1281
12851, 2.5, 56.2178
12863, 2.5, 56.4323
12868, 2.5, 56.5266
12878, 2.5, 56.7795
12882, 2.5, 56.8669
12894, 2.5, 57.1471
12898, 2.5, 57.2903
12908, 2.5, 57.4842
12914, 2.5, 57.7309
12920, 2.5, 57.933
12922, 2.5, 57.9799
12947, 2.5, 58.6627
12951, 2.5, 58.8701
12958, 2.5, 59.1472
12966, 2.5, 59.4692
12971, 2.5, 59.7254
12983, 2.5, 60.582
12991, 2.5, 60.9905
12996, 2.5, 61.4204
13009, 2.5, 63.0947
13025, 2.5, 67.0708
