2, 2.5, 1.66088
8, 2.5, 3.85904
16, 2.5, 4.70982
20, 2.5, 5.05567
27, 2.5, 5.82457
40, 2.5, 6.39654
47, 2.5, 6.88156
56, 2.5, 7.40091
68, 2.5, 7.78887
70, 2.5, 7.90398
92, 2.5, 8.7351
98, 2.5, 8.95122
105, 2.5, 9.17126
121, 2.5, 9.46775
131, 2.5, 9.75538
147, 2.5, 10.1308
158, 2.5, 10.3228
164, 2.5, 10.4653
178, 2.5, 10.8039
209, 2.5, 11.2868
214, 2.5, 11.3978
223, 2.5, 11.5119
228, 2.5, 11.5985
233, 2.5, 11.6752
246, 2.5, 11.8409
254, 2.5, 11.9966
277, 2.5, 12.3126
286, 2.5, 12.4292
293, 2.5, 12.5205
306, 2.5, 12.6671
312, 2.5, 12.7504
324, 2.5, 12.8988
329, 2.5, 12.9555
347, 2.5, 13.1203
359, 2.5, 13.2908
367, 2.5, 13.3898
390, 2.5, 13.6003
417, 2.5, 13.8708
430, 2.5, 14.0197
433, 2.5, 14.0396
445, 2.5, 14.1391
458, 2.5, 14.2917
468, 2.5, 14.3768
475, 2.5, 14.4405
485, 2.5, 14.5179
492, 2.5, 14.5617
511, 2.5, 14.7227
537, 2.5, 14.9415
546, 2.5, 15.0289
556, 2.5, 15.1037
565, 2.5, 15.1757
578, 2.5, 15.2938
594, 2.5, 15.3816
608, 2.5, 15.523
613, 2.5, 15.5613
636, 2.5, 15.7078
646, 2.5, 15.7669
659, 2.5, 15.8902
664, 2.5, 15.9344
670, 2.5, 15.9924
678, 2.5, 16.0452
686, 2.5, 16.0845
713, 2.5, 16.2606
729, 2.5, 16.355
734, 2.5, 16.3859
761, 2.5, 16.5609
769, 2.5, 16.5934
777, 2.5, 16.6419
793, 2.5, 16.7406
799, 2.5, 16.7717
816, 2.5, 16.8832
824, 2.5, 16.9152
841, 2.5, 17.0256
861, 2.5, 17.154
880, 2.5, 17.2534
885, 2.5, 17.3045
900, 2.5, 17.3786
912, 2.5, 17.4444
926, 2.5, 17.5143
940, 2.5, 17.6012
975, 2.5, 17.7716
979, 2.5, 17.8204
1001, 2.5, 17.9169
1007, 2.5, 17.9577
1029, 2.5, 18.0702
1041, 2.5, 18.1349
1058, 2.5, 18.2176
1063, 2.5, 18.2473
1086, 2.5, 18.3509
1097, 2.5, 18.4085
1102, 2.5, 18.4386
1128, 2.5, 18.5691
1143, 2.5, 18.6422
1157, 2.5, 18.7079
1164, 2.5, 18.7509
1174, 2.5, 18.796
1178, 2.5, 18.815
1187, 2.5, 18.8573
1208, 2.5, 18.9595
1230, 2.5, 19.0539
1238, 2.5, 19.0956
1249, 2.5, 19.1448
1268, 2.5, 19.2194
1275, 2.5, 19.2436
1283, 2.5, 19.2846
1293, 2.5, 19.3221
1302, 2.5, 19.3575
1325, 2.5, 19.4664
1338, 2.5, 19.5167
1354, 2.5, 19.5937
1359, 2.5, 19.6177
1382, 2.5, 19.6856
1396, 2.5, 19.7581
1410, 2.5, 19.8244
1438, 2.5, 19.9585
1449, 2.5, 19.9916
1455, 2.5, 20.0081
1469, 2.5, 20.0799
1485, 2.5, 20.135
1512, 2.5, 20.253
1515, 2.5, 20.2618
1544, 2.5, 20.3761
1553, 2.5, 20.4121
1565, 2.5, 20.4473
1577, 2.5, 20.4914
1605, 2.5, 20.6053
1609, 2.5, 20.6272
1617, 2.5, 20.6605
1632, 2.5, 20.7205
1655, 2.5, 20.7978
1668, 2.5, 20.8402
1673, 2.5, 20.861
1677, 2.5, 20.8696
1709, 2.5, 20.9837
1719, 2.5, 21.0358
1739, 2.5, 21.1202
1748, 2.5, 21.1501
1763, 2.5, 21.1932
1773, 2.5, 21.2306
1782, 2.5, 21.2607
1787, 2.5, 21.2754
1798, 2.5, 21.3122
1816, 2.5, 21.3867
1837, 2.5, 21.4572
1867, 2.5, 21.564
1870, 2.5, 21.5713
1882, 2.5, 21.621
1887, 2.5, 21.6386
1899, 2.5, 21.6798
1929, 2.5, 21.7789
1937, 2.5, 21.8001
1946, 2.5, 21.8297
1967, 2.5, 21.9025
1997, 2.5, 21.9975
2002, 2.5, 22.0224
2019, 2.5, 22.0782
2029, 2.5, 22.1042
2050, 2.5, 22.1742
2054, 2.5, 22.1978
2059, 2.5, 22.2109
2079, 2.5, 22.2789
2100, 2.5, 22.3477
2107, 2.5, 22.3752
2123, 2.5, 22.4267
2134, 2.5, 22.4533
2146, 2.5, 22.4963
2161, 2.5, 22.5457
2180, 2.5, 22.6021
2181, 2.5, 22.6085
2204, 2.5, 22.6827
2212, 2.5, 22.6962
2233, 2.5, 22.7639
2237, 2.5, 22.7775
2269, 2.5, 22.8831
2282, 2.5, 22.9183
2309, 2.5, 23.0074
2311, 2.5, 23.0118
2322, 2.5, 23.0447
2341, 2.5, 23.1023
2348, 2.5, 23.1369
2360, 2.5, 23.174
2374, 2.5, 23.2121
2405, 2.5, 23.3046
2411, 2.5, 23.3267
2433, 2.5, 23.3969
2443, 2.5, 23.4198
2450, 2.5, 23.4331
2465, 2.5, 23.4863
2481, 2.5, 23.5402
2493, 2.5, 23.5722
2504, 2.5, 23.6104
2530, 2.5, 23.6893
2551, 2.5, 23.7522
2556, 2.5, 23.7644
2566, 2.5, 23.7893
2590, 2.5, 23.8591
2599, 2.5, 23.8888
2618, 2.5, 23.9367
2623, 2.5, 23.9534
2638, 2.5, 23.9993
2663, 2.5, 24.0723
2671, 2.5, 24.0971
2685, 2.5, 24.1477
2689, 2.5, 24.1528
2708, 2.5, 24.2151
2719, 2.5, 24.2443
2733, 2.5, 24.2835
2748, 2.5, 24.3356
2764, 2.5, 24.3675
2773, 2.5, 24.4068
2785, 2.5, 24.4364
2839, 2.5, 24.5925
2846, 2.5, 24.6035
2849, 2.5, 24.6118
2865, 2.5, 24.6599
2884, 2.5, 24.7038
2894, 2.5, 24.7372
2903, 2.5, 24.7559
2908, 2.5, 24.767
2940, 2.5, 24.8602
2964, 2.5, 24.9231
2970, 2.5, 24.9407
2988, 2.5, 24.985
3003, 2.5, 25.0238
3031, 2.5, 25.0977
3045, 2.5, 25.1355
3063, 2.5, 25.1832
3076, 2.5, 25.2275
3098, 2.5, 25.2755
3113, 2.5, 25.3175
3128, 2.5, 25.3528
3133, 2.5, 25.3636
3153, 2.5, 25.4245
3166, 2.5, 25.4594
3176, 2.5, 25.4812
3185, 2.5, 25.5095
3206, 2.5, 25.5647
3216, 2.5, 25.5838
3219, 2.5, 25.5893
3241, 2.5, 25.6557
3249, 2.5, 25.6722
3261, 2.5, 25.7008
3281, 2.5, 25.7604
3289, 2.5, 25.7851
3304, 2.5, 25.8114
3325, 2.5, 25.8683
3334, 2.5, 25.9023
3340, 2.5, 25.9153
3369, 2.5, 25.9989
3388, 2.5, 26.035
3391, 2.5, 26.0444
3413, 2.5, 26.1053
3421, 2.5, 26.1296
3431, 2.5, 26.1478
3439, 2.5, 26.1661
3465, 2.5, 26.2418
3492, 2.5, 26.3198
3508, 2.5, 26.3625
3516, 2.5, 26.3752
3525, 2.5, 26.3997
3533, 2.5, 26.4249
3564, 2.5, 26.5016
3577, 2.5, 26.5255
3587, 2.5, 26.5476
3610, 2.5, 26.6053
3631, 2.5, 26.6541
3637, 2.5, 26.6643
3661, 2.5, 26.7348
3674, 2.5, 26.7676
3689, 2.5, 26.8078
3706, 2.5, 26.8382
3713, 2.5, 26.8567
3732, 2.5, 26.9047
3756, 2.5, 26.9609
3772, 2.5, 26.9929
3783, 2.5, 27.0242
3796, 2.5, 27.0471
3801, 2.5, 27.0666
3818, 2.5, 27.1084
3827, 2.5, 27.1359
3832, 2.5, 27.1464
3857, 2.5, 27.1955
3866, 2.5, 27.2198
3878, 2.5, 27.2471
3894, 2.5, 27.2922
3902, 2.5, 27.3109
3924, 2.5, 27.347
3933, 2.5, 27.3657
3950, 2.5, 27.4116
3972, 2.5, 27.4729
3976, 2.5, 27.4858
3988, 2.5, 27.5164
4000, 2.5, 27.533
4020, 2.5, 27.5786
4039, 2.5, 27.6191
4052, 2.5, 27.652
4058, 2.5, 27.6636
4092, 2.5, 27.737
4098, 2.5, 27.7483
4118, 2.5, 27.7934
4130, 2.5, 27.816
4136, 2.5, 27.8356
4150, 2.5, 27.8678
4164, 2.5, 27.9016
4177, 2.5, 27.94
4189, 2.5, 27.9771
4208, 2.5, 28.0096
4222, 2.5, 28.0401
4239, 2.5, 28.0893
4242, 2.5, 28.096
4267, 2.5, 28.1487
4294, 2.5, 28.1987
4300, 2.5, 28.2092
4330, 2.5, 28.2833
4338, 2.5, 28.2947
4351, 2.5, 28.335
4355, 2.5, 28.3461
4383, 2.5, 28.4133
4396, 2.5, 28.4415
4415, 2.5, 28.4814
4426, 2.5, 28.5005
4437, 2.5, 28.5277
4465, 2.5, 28.6103
4467, 2.5, 28.6116
4487, 2.5, 28.6475
4495, 2.5, 28.6704
4503, 2.5, 28.6913
4519, 2.5, 28.7275
4534, 2.5, 28.7592
4556, 2.5, 28.8014
4564, 2.5, 28.8139
4594, 2.5, 28.8894
4601, 2.5, 28.9036
4607, 2.5, 28.911
4621, 2.5, 28.9427
4629, 2.5, 28.962
4636, 2.5, 28.9903
4669, 2.5, 29.0585
4673, 2.5, 29.0681
4692, 2.5, 29.1145
4713, 2.5, 29.1567
4722, 2.5, 29.1777
4735, 2.5, 29.2017
4752, 2.5, 29.2401
4765, 2.5, 29.2731
4777, 2.5, 29.2978
4804, 2.5, 29.3619
4818, 2.5, 29.3896
4840, 2.5, 29.4482
4851, 2.5, 29.4681
4868, 2.5, 29.4962
4884, 2.5, 29.5364
4896, 2.5, 29.5655
4920, 2.5, 29.6088
4924, 2.5, 29.612
4947, 2.5, 29.673
4950, 2.5, 29.6778
4972, 2.5, 29.7262
4976, 2.5, 29.7409
5000, 2.5, 29.794
5015, 2.5, 29.8264
5028, 2.5, 29.8566
5032, 2.5, 29.8607
5064, 2.5, 29.9144
5073, 2.5, 29.9421
5092, 2.5, 29.9812
5101, 2.5, 29.9944
5115, 2.5, 30.029
5142, 2.5, 30.0891
5151, 2.5, 30.1019
5168, 2.5, 30.1458
5175, 2.5, 30.1583
5188, 2.5, 30.1844
5212, 2.5, 30.2442
5231, 2.5, 30.281
5242, 2.5, 30.3061
5260, 2.5, 30.3439
5266, 2.5, 30.3532
5277, 2.5, 30.3715
5280, 2.5, 30.3806
5315, 2.5, 30.4559
5322, 2.5, 30.4722
5346, 2.5, 30.514
5362, 2.5, 30.5512
5366, 2.5, 30.5597
5373, 2.5, 30.575
5394, 2.5, 30.6171
5415, 2.5, 30.6701
5420, 2.5, 30.6805
5435, 2.5, 30.7206
5455, 2.5, 30.7576
5475, 2.5, 30.8072
5488, 2.5, 30.8315
5517, 2.5, 30.8878
5529, 2.5, 30.918
5541, 2.5, 30.9487
5566, 2.5, 31.0088
5580, 2.5, 31.035
5600, 2.5, 31.0775
5606, 2.5, 31.0872
5612, 2.5, 31.1026
5632, 2.5, 31.1427
5638, 2.5, 31.1558
5664, 2.5, 31.2171
5676, 2.5, 31.2447
5696, 2.5, 31.2784
5719, 2.5, 31.3315
5732, 2.5, 31.3615
5755, 2.5, 31.407
5763, 2.5, 31.4236
5772, 2.5, 31.4474
5781, 2.5, 31.465
5789, 2.5, 31.4795
5817, 2.5, 31.5403
5830, 2.5, 31.5709
5833, 2.5, 31.5791
5860, 2.5, 31.6352
5868, 2.5, 31.6511
5900, 2.5, 31.7174
5914, 2.5, 31.7516
5922, 2.5, 31.7645
5938, 2.5, 31.8018
5959, 2.5, 31.8437
5995, 2.5, 31.9262
6000, 2.5, 31.941
6018, 2.5, 31.9854
6030, 2.5, 32.0098
6055, 2.5, 32.0569
6066, 2.5, 32.0852
6076, 2.5, 32.1103
6090, 2.5, 32.1346
6104, 2.5, 32.1693
6122, 2.5, 32.2024
6134, 2.5, 32.2316
6161, 2.5, 32.2817
6182, 2.5, 32.3276
6184, 2.5, 32.3319
6193, 2.5, 32.3473
6202, 2.5, 32.3661
6217, 2.5, 32.4054
6233, 2.5, 32.437
6251, 2.5, 32.472
6266, 2.5, 32.5106
6270, 2.5, 32.5134
6296, 2.5, 32.5693
6299, 2.5, 32.5728
6302, 2.5, 32.5834
6325, 2.5, 32.6204
6358, 2.5, 32.6868
6376, 2.5, 32.7298
6383, 2.5, 32.7402
6405, 2.5, 32.7879
6422, 2.5, 32.8292
6424, 2.5, 32.832
6451, 2.5, 32.8914
6458, 2.5, 32.9029
6478, 2.5, 32.9522
6494, 2.5, 32.9795
6504, 2.5, 33.0049
6533, 2.5, 33.0647
6544, 2.5, 33.0928
6549, 2.5, 33.1001
6566, 2.5, 33.1405
6577, 2.5, 33.1585
6589, 2.5, 33.1846
6617, 2.5, 33.2405
6621, 2.5, 33.2515
6647, 2.5, 33.3037
6675, 2.5, 33.3686
6689, 2.5, 33.4015
6697, 2.5, 33.4169
6705, 2.5, 33.4419
6720, 2.5, 33.4673
6751, 2.5, 33.5401
6765, 2.5, 33.5646
6791, 2.5, 33.6126
6799, 2.5, 33.6295
6813, 2.5, 33.6678
6819, 2.5, 33.679
6839, 2.5, 33.7188
6843, 2.5, 33.7292
6852, 2.5, 33.746
6876, 2.5, 33.8005
6885, 2.5, 33.8285
6903, 2.5, 33.8715
6908, 2.5, 33.8768
6928, 2.5, 33.9158
6948, 2.5, 33.9571
6956, 2.5, 33.9709
6981, 2.5, 34.015
7000, 2.5, 34.0568
7024, 2.5, 34.1033
7029, 2.5, 34.1207
7042, 2.5, 34.1393
7067, 2.5, 34.1927
7072, 2.5, 34.2044
7090, 2.5, 34.2432
7110, 2.5, 34.2877
7127, 2.5, 34.3243
7138, 2.5, 34.3404
7151, 2.5, 34.3735
7177, 2.5, 34.4245
7195, 2.5, 34.4692
7215, 2.5, 34.5146
7229, 2.5, 34.5442
7233, 2.5, 34.5574
7256, 2.5, 34.6057
7266, 2.5, 34.6242
7273, 2.5, 34.6478
7299, 2.5, 34.701
7310, 2.5, 34.7206
7329, 2.5, 34.7652
7337, 2.5, 34.7827
7345, 2.5, 34.8087
7374, 2.5, 34.8652
7383, 2.5, 34.8857
7418, 2.5, 34.9545
7424, 2.5, 34.9754
7439, 2.5, 35.005
7451, 2.5, 35.0297
7466, 2.5, 35.0596
7484, 2.5, 35.096
7501, 2.5, 35.1389
7516, 2.5, 35.1728
7529, 2.5, 35.2015
7541, 2.5, 35.2227
7556, 2.5, 35.2523
7573, 2.5, 35.2846
7591, 2.5, 35.3305
7612, 2.5, 35.3779
7626, 2.5, 35.3984
7631, 2.5, 35.4081
7661, 2.5, 35.4865
7669, 2.5, 35.5048
7690, 2.5, 35.5519
7699, 2.5, 35.5741
7714, 2.5, 35.6065
7727, 2.5, 35.6356
7738, 2.5, 35.6546
7746, 2.5, 35.6696
7776, 2.5, 35.7402
7783, 2.5, 35.7607
7812, 2.5, 35.8172
7830, 2.5, 35.85
7843, 2.5, 35.8884
7856, 2.5, 35.9084
7871, 2.5, 35.9388
7896, 2.5, 35.9978
7914, 2.5, 36.0395
7929, 2.5, 36.0757
7942, 2.5, 36.1017
7947, 2.5, 36.1173
7959, 2.5, 36.1427
7977, 2.5, 36.1774
8001, 2.5, 36.2274
8015, 2.5, 36.2599
8028, 2.5, 36.2824
8044, 2.5, 36.3234
8052, 2.5, 36.3408
8106, 2.5, 36.4671
8112, 2.5, 36.4761
8134, 2.5, 36.5306
8145, 2.5, 36.5491
8184, 2.5, 36.6314
8191, 2.5, 36.6428
8199, 2.5, 36.6602
8213, 2.5, 36.6908
8227, 2.5, 36.7235
8243, 2.5, 36.7586
8261, 2.5, 36.7982
8271, 2.5, 36.818
8281, 2.5, 36.84
8307, 2.5, 36.8974
8347, 2.5, 36.9819
8354, 2.5, 37.0024
8361, 2.5, 37.0195
8385, 2.5, 37.0742
8395, 2.5, 37.093
8405, 2.5, 37.1132
8420, 2.5, 37.1489
8425, 2.5, 37.1643
8448, 2.5, 37.2222
8466, 2.5, 37.2689
8477, 2.5, 37.2939
8498, 2.5, 37.3381
8508, 2.5, 37.3653
8529, 2.5, 37.4044
8545, 2.5, 37.4416
8551, 2.5, 37.4566
8575, 2.5, 37.508
8592, 2.5, 37.5553
8597, 2.5, 37.5609
8609, 2.5, 37.5932
8624, 2.5, 37.627
8638, 2.5, 37.6528
8660, 2.5, 37.7066
8671, 2.5, 37.7349
8676, 2.5, 37.7528
8680, 2.5, 37.7629
8711, 2.5, 37.8293
8731, 2.5, 37.8788
8751, 2.5, 37.9226
8766, 2.5, 37.9559
8773, 2.5, 37.9904
8800, 2.5, 38.04
8810, 2.5, 38.0644
8847, 2.5, 38.1522
8853, 2.5, 38.1599
8867, 2.5, 38.1931
8900, 2.5, 38.2727
8909, 2.5, 38.2908
8921, 2.5, 38.3163
8939, 2.5, 38.3571
8948, 2.5, 38.3861
8955, 2.5, 38.399
8986, 2.5, 38.4718
8994, 2.5, 38.4979
9002, 2.5, 38.5092
9020, 2.5, 38.5434
9042, 2.5, 38.5992
9047, 2.5, 38.6192
9061, 2.5, 38.6592
9082, 2.5, 38.7005
9100, 2.5, 38.7481
9106, 2.5, 38.7669
9126, 2.5, 38.8104
9129, 2.5, 38.8222
9162, 2.5, 38.8984
9176, 2.5, 38.9368
9181, 2.5, 38.9432
9189, 2.5, 38.9593
9206, 2.5, 39.0049
9238, 2.5, 39.0885
9253, 2.5, 39.1116
9264, 2.5, 39.1411
9284, 2.5, 39.1864
9306, 2.5, 39.2493
9312, 2.5, 39.2641
9333, 2.5, 39.312
9338, 2.5, 39.3271
9352, 2.5, 39.3642
9372, 2.5, 39.4162
9379, 2.5, 39.4319
9385, 2.5, 39.4469
9406, 2.5, 39.4984
9413, 2.5, 39.5122
9434, 2.5, 39.5645
9458, 2.5, 39.626
9472, 2.5, 39.6563
9482, 2.5, 39.6868
9494, 2.5, 39.7062
9505, 2.5, 39.7419
9507, 2.5, 39.7458
9538, 2.5, 39.8253
9556, 2.5, 39.8721
9563, 2.5, 39.8901
9594, 2.5, 39.9763
9605, 2.5, 39.9989
9614, 2.5, 40.0323
9630, 2.5, 40.0654
9658, 2.5, 40.1294
9659, 2.5, 40.1306
9672, 2.5, 40.172
9686, 2.5, 40.2039
9711, 2.5, 40.2669
9726, 2.5, 40.3033
9738, 2.5, 40.3387
9771, 2.5, 40.4295
9792, 2.5, 40.4778
9803, 2.5, 40.5034
9805, 2.5, 40.505
9818, 2.5, 40.5372
9836, 2.5, 40.5983
9843, 2.5, 40.6181
9856, 2.5, 40.6568
9877, 2.5, 40.7027
9887, 2.5, 40.7228
9893, 2.5, 40.7445
9910, 2.5, 40.7824
9920, 2.5, 40.824
9940, 2.5, 40.8746
9962, 2.5, 40.9355
9975, 2.5, 40.967
9990, 2.5, 40.9969
9994, 2.5, 41.0124
10016, 2.5, 41.0777
10050, 2.5, 41.1675
10070, 2.5, 41.2171
10080, 2.5, 41.2477
10100, 2.5, 41.3025
10118, 2.5, 41.3583
10120, 2.5, 41.37
10133, 2.5, 41.4071
10147, 2.5, 41.4498
10166, 2.5, 41.4949
10169, 2.5, 41.5071
10191, 2.5, 41.573
10217, 2.5, 41.635
10221, 2.5, 41.6449
10229, 2.5, 41.671
10262, 2.5, 41.7743
10274, 2.5, 41.8204
10287, 2.5, 41.8491
10304, 2.5, 41.8947
10324, 2.5, 41.944
10342, 2.5, 42.0057
10353, 2.5, 42.0439
10367, 2.5, 42.0738
10377, 2.5, 42.1119
10391, 2.5, 42.1616
10397, 2.5, 42.1806
10413, 2.5, 42.2264
10427, 2.5, 42.2622
10440, 2.5, 42.3048
10455, 2.5, 42.3567
10463, 2.5, 42.3719
10493, 2.5, 42.4616
10507, 2.5, 42.5008
10517, 2.5, 42.5346
10535, 2.5, 42.5921
10543, 2.5, 42.6327
10582, 2.5, 42.7263
10590, 2.5, 42.75
10617, 2.5, 42.8383
10624, 2.5, 42.8617
10640, 2.5, 42.9196
10656, 2.5, 42.9644
10664, 2.5, 42.989
10674, 2.5, 43.0172
10689, 2.5, 43.0611
10713, 2.5, 43.1593
10728, 2.5, 43.2141
10744, 2.5, 43.2663
10751, 2.5, 43.293
10763, 2.5, 43.3242
10784, 2.5, 43.3935
10800, 2.5, 43.4487
10814, 2.5, 43.5021
10831, 2.5, 43.5563
10851, 2.5, 43.6215
10856, 2.5, 43.6378
10890, 2.5, 43.7475
10900, 2.5, 43.775
10908, 2.5, 43.811
10917, 2.5, 43.8299
10943, 2.5, 43.9199
10954, 2.5, 43.9581
10958, 2.5, 43.9659
10981, 2.5, 44.0541
11001, 2.5, 44.1186
11017, 2.5, 44.1811
11030, 2.5, 44.2405
11050, 2.5, 44.2908
11060, 2.5, 44.345
11064, 2.5, 44.3577
11091, 2.5, 44.4538
11104, 2.5, 44.5056
11117, 2.5, 44.5459
11121, 2.5, 44.5656
11137, 2.5, 44.6269
11160, 2.5, 44.7114
11167, 2.5, 44.739
11186, 2.5, 44.8033
11213, 2.5, 44.8998
11216, 2.5, 44.9112
11237, 2.5, 44.9874
11256, 2.5, 45.065
11267, 2.5, 45.1034
11287, 2.5, 45.19
11294, 2.5, 45.213
11315, 2.5, 45.279
11321, 2.5, 45.3156
11324, 2.5, 45.3217
11350, 2.5, 45.4193
11372, 2.5, 45.5002
11384, 2.5, 45.5581
11392, 2.5, 45.5854
11408, 2.5, 45.6363
11428, 2.5, 45.7283
11451, 2.5, 45.8118
11466, 2.5, 45.8523
11488, 2.5, 45.9403
11497, 2.5, 45.9792
11509, 2.5, 46.0332
11534, 2.5, 46.1344
11551, 2.5, 46.2244
11560, 2.5, 46.2583
11573, 2.5, 46.3117
11588, 2.5, 46.3668
11612, 2.5, 46.4669
11648, 2.5, 46.616
11655, 2.5, 46.6458
11674, 2.5, 46.7288
11692, 2.5, 46.8022
11707, 2.5, 46.8779
11717, 2.5, 46.9255
11732, 2.5, 46.9998
11744, 2.5, 47.0675
11765, 2.5, 47.1652
11785, 2.5, 47.2747
11806, 2.5, 47.3672
11820, 2.5, 47.4189
11841, 2.5, 47.5493
11858, 2.5, 47.6214
11860, 2.5, 47.6348
11897, 2.5, 47.8122
11913, 2.5, 47.9106
11922, 2.5, 47.9605
11938, 2.5, 48.0563
11944, 2.5, 48.0869
11972, 2.5, 48.2526
11978, 2.5, 48.2641
11986, 2.5, 48.3003
12005, 2.5, 48.3961
12028, 2.5, 48.5329
12033, 2.5, 48.5558
12064, 2.5, 48.7383
12076, 2.5, 48.7986
12079, 2.5, 48.8208
12082, 2.5, 48.8314
12117, 2.5, 49.0336
12138, 2.5, 49.1665
12140, 2.5, 49.1782
12150, 2.5, 49.2437
12158, 2.5, 49.2877
12182, 2.5, 49.416
12200, 2.5, 49.5375
12209, 2.5, 49.5922
12214, 2.5, 49.6102
12224, 2.5, 49.6753
12258, 2.5, 49.8916
12260, 2.5, 49.8967
12272, 2.5, 50.015
12288, 2.5, 50.1103
12312, 2.5, 50.2667
12329, 2.5, 50.4108
12338, 2.5, 50.4642
12357, 2.5, 50.61
12376, 2.5, 50.7384
12388, 2.5, 50.853
12399, 2.5, 50.937
12425, 2.5, 51.1369
12434, 2.5, 51.1861
12439, 2.5, 51.248
12465, 2.5, 51.4745
12473, 2.5, 51.5391
12502, 2.5, 51.765
12511, 2.5, 51.8521
12533, 2.5, 52.0607
12538, 2.5, 52.0924
12542, 2.5, 52.1307
12547, 2.5, 52.1947
12570, 2.5, 52.4136
12586, 2.5, 52.5757
12606, 2.5, 52.7822
12615, 2.5, 52.8812
12629, 2.5, 53.0148
12646, 2.5, 53.1786
12658, 2.5, 53.3123
12673, 2.5, 53.5492
12693, 2.5, 53.7686
12717, 2.5, 54.0526
12728, 2.5, 54.1736
12733, 2.5, 54.2342
12765, 2.5, 54.6734
12779, 2.5, 54.9156
12801, 2.5, 55.2345
12809, 2.5, 55.3216
12819, 2.5, 55.4849
12846, 2.5, 56.0792
12855, 2.5, 56.321
12862, 2.5, 56.4302
12879, 2.5, 56.786
12900, 2.5, 57.3381
12912, 2.5, 57.6573
12924, 2.5, 58.0137
12941, 2.5, 58.5287
12959, 2.5, 59.1561
12965, 2.5, 59.4199
12992, 2.5, 61.0198
13008, 2.5, 62.9534
13020, 2.5, 65.7057
