0, 0
10, 6.25919
17, 7.3927
28, 8.93199
48, 10.6872
59, 11.176
70, 11.8059
96, 13.0145
109, 13.4983
124, 14.0214
138, 14.5015
159, 15.0181
188, 15.6418
205, 16.0397
216, 16.2043
277, 17.3339
308, 17.8987
309, 17.9449
331, 18.2904
377, 18.9379
410, 19.2843
450, 19.7887
474, 20.1057
495, 20.2966
522, 20.6132
552, 20.9597
568, 21.1355
597, 21.451
607, 21.5466
634, 21.8175
696, 22.4031
711, 22.5377
725, 22.7117
753, 22.931
767, 23.0244
799, 23.3078
828, 23.5737
856, 23.7759
901, 24.0982
912, 24.1948
944, 24.4242
974, 24.6342
1013, 24.9288
1042, 25.1749
1076, 25.4329
1116, 25.6774
1153, 25.9306
1156, 25.9395
1198, 26.2442
1224, 26.4103
1270, 26.7377
1306, 26.9752
1323, 27.1168
1348, 27.2672
1393, 27.5583
1415, 27.6968
1444, 27.8821
1455, 27.9757
1513, 28.3443
1524, 28.4147
1573, 28.7131
1606, 28.9047
1622, 29.0069
1646, 29.1713
1674, 29.333
1682, 29.402
1741, 29.7057
1752, 29.7865
1820, 30.1998
1847, 30.3445
1855, 30.3955
1896, 30.6266
1918, 30.7694
1967, 31.0585
2002, 31.2648
2012, 31.3286
2056, 31.5574
2090, 31.75
2126, 31.9772
2173, 32.2448
2180, 32.2754
2219, 32.5041
2249, 32.6763
2287, 32.9259
2301, 33.0218
2349, 33.2818
2377, 33.4358
2389, 33.5358
2414, 33.6752
2485, 34.0779
2523, 34.2983
2536, 34.3884
2559, 34.5296
2593, 34.7467
2608, 34.8408
2635, 35.03
2690, 35.3737
2713, 35.5076
2757, 35.8031
2808, 36.105
2850, 36.3783
2888, 36.6369
2907, 36.7493
2948, 37.0326
2960, 37.0972
2995, 37.3508
3027, 37.5956
3058, 37.7845
3078, 37.9166
3128, 38.3022
3157, 38.5414
3192, 38.7649
3206, 38.885
3257, 39.2663
3279, 39.4381
3313, 39.7145
3329, 39.8218
3352, 40.0135
3410, 40.4751
3414, 40.532
3476, 41.0446
3495, 41.2204
3544, 41.664
3547, 41.7075
3565, 41.8445
3610, 42.2604
3645, 42.6887
3671, 42.9131
3704, 43.31
3721, 43.5282
3743, 43.7711
3754, 43.8834
3815, 44.6032
3836, 44.9111
3856, 45.1944
3873, 45.4824
3913, 46.0763
3955, 46.7464
3960, 46.8559
4010, 47.9019
4021, 48.2286
4086, 49.9099
4116, 51.1916
4120, 51.3169
4153, 52.7344
4162, 53.2562
4189, 55.6382
4199, 57.6148
