0, 1, 0
10, 1, 6.25919
17, 1, 7.3927
28, 1, 8.93199
48, 1, 10.6872
59, 1, 11.176
70, 1, 11.8059
96, 1, 13.0145
109, 1, 13.4983
124, 1, 14.0214
138, 1, 14.5015
159, 1, 15.0181
188, 1, 15.6418
205, 1, 16.0397
216, 1, 16.2043
252, 2, 16.8439
277, 1, 17.3339
308, 1, 17.8987
309, 1, 17.9449
331, 1, 18.2904
377, 1, 18.9379
410, 1, 19.2843
412, 2, 19.3021
450, 1, 19.7887
474, 1, 20.1057
495, 1, 20.2966
504, 2, 20.4072
522, 1, 20.6132
552, 1, 20.9597
568, 1, 21.1355
597, 1, 21.451
607, 1, 21.5466
634, 1, 21.8175
694, 2, 22.3861
696, 1, 22.4031
711, 1, 22.5377
725, 1, 22.7117
753, 1, 22.931
767, 1, 23.0244
774, 3, 23.0803
799, 1, 23.3078
807, 2, 23.3704
828, 1, 23.5737
856, 1, 23.7759
883, 2, 23.9724
901, 1, 24.0982
912, 1, 24.1948
944, 1, 24.4242
974, 1, 24.6342
980, 2, 24.713
1013, 1, 24.9288
1042, 1, 25.1749
1076, 1, 25.4329
1116, 1, 25.6774
1153, 1, 25.9306
1156, 1, 25.9395
1198, 1, 26.2442
1224, 1, 26.4103
1240, 2, 26.5117
1270, 1, 26.7377
1288, 2, 26.8467
1306, 1, 26.9752
1323, 1, 27.1168
1348, 1, 27.2672
1355, 2, 27.3048
1393, 1, 27.5583
1415, 1, 27.6968
1424, 2, 27.7506
1433, 3, 27.8423
1444, 1, 27.8821
1455, 1, 27.9757
1467, 2, 28.0448
1513, 1, 28.3443
1524, 1, 28.4147
1573, 1, 28.7131
1606, 1, 28.9047
1622, 1, 29.0069
1646, 1, 29.1713
1674, 1, 29.333
1677, 2, 29.3615
1682, 1, 29.402
1700, 2, 29.4997
1741, 1, 29.7057
1752, 1, 29.7865
1769, 2, 29.886
1820, 1, 30.1998
1847, 1, 30.3445
1855, 1, 30.3955
1893, 2, 30.6044
1896, 1, 30.6266
1918, 1, 30.7694
1962, 2, 31.042
1967, 1, 31.0585
2002, 1, 31.2648
2012, 1, 31.3286
2038, 2, 31.4829
2056, 1, 31.5574
2090, 1, 31.75
2126, 1, 31.9772
2128, 2, 31.9806
2167, 2, 32.2007
2173, 1, 32.2448
2180, 1, 32.2754
2219, 1, 32.5041
2249, 1, 32.6763
2257, 3, 32.7294
2287, 1, 32.9259
2301, 1, 33.0218
2330, 2, 33.1874
2349, 1, 33.2818
2373, 2, 33.4079
2377, 1, 33.4358
2389, 1, 33.5358
2414, 1, 33.6752
2485, 1, 34.0779
2488, 2, 34.1002
2523, 1, 34.2983
2536, 1, 34.3884
2559, 1, 34.5296
2593, 1, 34.7467
2597, 2, 34.7933
2608, 1, 34.8408
2635, 1, 35.03
2663, 3, 35.2173
2690, 1, 35.3737
2703, 2, 35.4673
2713, 1, 35.5076
2724, 2, 35.6003
2757, 1, 35.8031
2765, 2, 35.8456
2808, 1, 36.105
2824, 2, 36.2115
2849, 2, 36.3783
2850, 1, 36.3783
2888, 1, 36.6369
2907, 1, 36.7493
2945, 2, 37.0193
2948, 1, 37.0326
2960, 1, 37.0972
2972, 2, 37.1893
2995, 1, 37.3508
3026, 3, 37.5923
3027, 1, 37.5956
3058, 1, 37.7845
3068, 2, 37.8367
3078, 1, 37.9166
3128, 1, 38.3022
3142, 2, 38.4008
3157, 1, 38.5414
3161, 2, 38.5546
3167, 2, 38.5986
3192, 1, 38.7649
3206, 1, 38.885
3257, 1, 39.2663
3277, 2, 39.4235
3279, 1, 39.4381
3293, 2, 39.5186
3313, 1, 39.7145
3329, 1, 39.8218
3343, 2, 39.9143
3352, 1, 40.0135
3410, 1, 40.4751
3414, 1, 40.532
3454, 2, 40.8945
3476, 1, 41.0446
3479, 3, 41.0862
3495, 1, 41.2204
3498, 3, 41.2376
3520, 2, 41.5096
3544, 1, 41.664
3547, 1, 41.7075
3554, 2, 41.7619
3563, 2, 41.8399
3565, 1, 41.8445
3610, 1, 42.2604
3645, 1, 42.6887
3656, 3, 42.7874
3671, 1, 42.9131
3680, 2, 43.0032
3704, 1, 43.31
3721, 1, 43.5282
3743, 1, 43.7711
3749, 2, 43.8163
3754, 1, 43.8834
3764, 3, 44.0199
3815, 1, 44.6032
3818, 2, 44.6526
3836, 1, 44.9111
3856, 1, 45.1944
3861, 2, 45.2574
3873, 1, 45.4824
3907, 2, 45.9778
3913, 1, 46.0763
3934, 3, 46.3708
3955, 1, 46.7464
3960, 1, 46.8559
3968, 2, 47.0069
4010, 1, 47.9019
4012, 2, 47.9383
4020, 3, 48.1812
4021, 1, 48.2286
4058, 2, 49.2549
4074, 2, 49.6435
4076, 3, 49.682
4086, 1, 49.9099
4116, 1, 51.1916
4120, 1, 51.3169
4128, 2, 51.5547
4153, 1, 52.7344
4154, 2, 52.7415
4155, 3, 52.7755
4162, 1, 53.2562
4183, 2, 55.0117
4189, 1, 55.6382
4199, 1, 57.6148
4201, 3, 57.7997
