0, 2, 0
5, 2, 4.96208
9, 2, 6.1004
20, 2, 7.75627
39, 2, 9.25376
52, 2, 10.0207
58, 2, 10.3677
85, 2, 11.4964
94, 2, 11.7799
118, 2, 12.3787
138, 2, 13.0888
169, 2, 13.7659
200, 2, 14.3764
205, 2, 14.4667
248, 2, 15.261
261, 2, 15.4491
269, 2, 15.6269
302, 2, 16.0534
316, 2, 16.2313
328, 2, 16.3879
345, 2, 16.671
377, 2, 16.9989
391, 2, 17.1519
406, 2, 17.3069
424, 2, 17.5173
456, 2, 17.8601
469, 2, 17.9955
480, 2, 18.1085
505, 2, 18.3504
528, 2, 18.5618
542, 2, 18.7129
559, 2, 18.8448
591, 2, 19.1213
613, 2, 19.3097
634, 2, 19.4894
667, 2, 19.7376
688, 2, 19.9174
716, 2, 20.1277
732, 2, 20.2288
761, 2, 20.4643
773, 2, 20.5465
813, 2, 20.8167
860, 2, 21.142
863, 2, 21.1687
886, 2, 21.3435
898, 2, 21.4391
947, 2, 21.707
968, 2, 21.8481
1010, 2, 22.1147
1012, 2, 22.1282
1086, 2, 22.5898
1100, 2, 22.6619
1127, 2, 22.8265
1160, 2, 23.0219
1173, 2, 23.0786
1192, 2, 23.1636
1222, 2, 23.3441
1245, 2, 23.467
1269, 2, 23.5865
1301, 2, 23.7592
1325, 2, 23.9101
1328, 2, 23.9257
1348, 2, 24.0261
1396, 2, 24.2549
1409, 2, 24.3322
1419, 2, 24.3794
1467, 2, 24.6026
1486, 2, 24.7084
1511, 2, 24.7957
1546, 2, 24.9604
1587, 2, 25.1567
1608, 2, 25.2663
1632, 2, 25.3599
1675, 2, 25.5668
1694, 2, 25.6719
1727, 2, 25.8071
1734, 2, 25.8473
1743, 2, 25.8986
1784, 2, 26.0527
1794, 2, 26.0991
1828, 2, 26.2633
1853, 2, 26.3693
1894, 2, 26.5445
1925, 2, 26.6763
1948, 2, 26.7721
1975, 2, 26.8758
2013, 2, 27.0383
2024, 2, 27.0805
2071, 2, 27.2778
2094, 2, 27.3604
2113, 2, 27.431
2162, 2, 27.6264
2190, 2, 27.7348
2201, 2, 27.7753
2231, 2, 27.9033
2275, 2, 28.0905
2290, 2, 28.1444
2319, 2, 28.2496
2337, 2, 28.305
2375, 2, 28.4425
2392, 2, 28.5242
2420, 2, 28.6256
2456, 2, 28.7572
2488, 2, 28.8777
2496, 2, 28.896
2532, 2, 29.0409
2537, 2, 29.0609
2614, 2, 29.3622
2645, 2, 29.4843
2664, 2, 29.5541
2683, 2, 29.6084
2709, 2, 29.7123
2734, 2, 29.8101
2759, 2, 29.8915
2806, 2, 30.0673
2817, 2, 30.1018
2854, 2, 30.2357
2869, 2, 30.2953
2903, 2, 30.405
2928, 2, 30.4945
2954, 2, 30.585
2968, 2, 30.6335
2993, 2, 30.7281
3034, 2, 30.8723
3078, 2, 31.0276
3111, 2, 31.1535
3122, 2, 31.1853
3164, 2, 31.338
3207, 2, 31.5119
3228, 2, 31.5704
3252, 2, 31.6492
3280, 2, 31.7609
3290, 2, 31.8014
3338, 2, 31.9558
3367, 2, 32.0754
3375, 2, 32.0969
3431, 2, 32.2917
3458, 2, 32.3888
3491, 2, 32.489
3533, 2, 32.624
3542, 2, 32.6662
3551, 2, 32.6941
3578, 2, 32.796
3619, 2, 32.934
3645, 2, 33.0255
3687, 2, 33.1626
3729, 2, 33.3038
3749, 2, 33.3871
3759, 2, 33.4178
3816, 2, 33.6139
3840, 2, 33.6971
3874, 2, 33.8251
3890, 2, 33.8789
3904, 2, 33.9177
3920, 2, 33.959
3968, 2, 34.1461
3983, 2, 34.1869
3997, 2, 34.2349
4045, 2, 34.4118
4056, 2, 34.4535
4082, 2, 34.5429
4103, 2, 34.6034
4142, 2, 34.733
4168, 2, 34.8162
4248, 2, 35.1259
4263, 2, 35.1865
4276, 2, 35.2171
4291, 2, 35.2923
4314, 2, 35.3645
4338, 2, 35.4333
4384, 2, 35.5911
4397, 2, 35.64
4438, 2, 35.7749
4472, 2, 35.9014
4486, 2, 35.9664
4533, 2, 36.1061
4549, 2, 36.1675
4571, 2, 36.2617
4612, 2, 36.4025
4622, 2, 36.441
4681, 2, 36.6497
4706, 2, 36.7421
4729, 2, 36.8265
4752, 2, 36.9102
4808, 2, 37.1131
4824, 2, 37.1727
4843, 2, 37.2433
4875, 2, 37.3643
4894, 2, 37.4351
4914, 2, 37.5131
4952, 2, 37.6509
4971, 2, 37.7155
5029, 2, 37.9248
5066, 2, 38.0814
5079, 2, 38.1262
5101, 2, 38.2106
5118, 2, 38.2772
5148, 2, 38.399
5205, 2, 38.6056
5230, 2, 38.7005
5276, 2, 38.8776
5287, 2, 38.9301
5308, 2, 39.0211
5348, 2, 39.1559
5353, 2, 39.1798
5403, 2, 39.3783
5427, 2, 39.4729
5456, 2, 39.6049
5478, 2, 39.681
5495, 2, 39.7703
5522, 2, 39.8659
5558, 2, 40.0108
5581, 2, 40.1051
5596, 2, 40.1602
5637, 2, 40.3277
5670, 2, 40.4901
5692, 2, 40.59
5728, 2, 40.7486
5736, 2, 40.7737
5759, 2, 40.8888
5811, 2, 41.1316
5827, 2, 41.2262
5870, 2, 41.4188
5881, 2, 41.4596
5917, 2, 41.614
5968, 2, 41.8327
5980, 2, 41.921
6004, 2, 42.027
6034, 2, 42.1668
6072, 2, 42.3794
6084, 2, 42.444
6131, 2, 42.6553
6142, 2, 42.7104
6171, 2, 42.8479
6187, 2, 42.9346
6212, 2, 43.0547
6246, 2, 43.2267
6286, 2, 43.4392
6303, 2, 43.5391
6317, 2, 43.6194
6352, 2, 43.8154
6399, 2, 44.0885
6412, 2, 44.1742
6438, 2, 44.3225
6453, 2, 44.4078
6480, 2, 44.5622
6529, 2, 44.8512
6571, 2, 45.1113
6583, 2, 45.1815
6605, 2, 45.3189
6624, 2, 45.4656
6642, 2, 45.5841
6658, 2, 45.6753
6707, 2, 46.0288
6751, 2, 46.2905
6762, 2, 46.378
6810, 2, 46.7647
6833, 2, 46.9385
6845, 2, 47.0367
6860, 2, 47.1342
6883, 2, 47.3117
6918, 2, 47.6143
6943, 2, 47.8595
6972, 2, 48.1127
7014, 2, 48.5381
7049, 2, 48.9118
7053, 2, 48.9593
7094, 2, 49.3155
7125, 2, 49.6518
7148, 2, 49.931
7163, 2, 50.0732
7233, 2, 50.9998
7253, 2, 51.292
7282, 2, 51.7796
7296, 2, 51.97
7319, 2, 52.4208
7337, 2, 52.7413
7350, 2, 52.9332
7380, 2, 53.5086
7396, 2, 53.798
7432, 2, 54.5207
7450, 2, 55.1765
7469, 2, 55.8666
7488, 2, 56.6296
7510, 2, 57.7637
7545, 2, 60.7343
7547, 2, 61.0691
