0, 0
0, 5
0, 9
0, 12
0, 14
0, 18
0, 23
0, 29
0, 33
0, 39
0, 42
0, 51
0, 57
0, 62
0, 63
0, 67
0, 72
0, 78
0, 79
0, 83
0, 87
0, 89
0, 99
0, 104
0, 107
0, 110
0, 113
0, 118
0, 126
0, 130
0, 137
0, 143
0, 151
0, 154
0, 161
0, 162
0, 165
0, 170
0, 176
0, 181
0, 187
0, 193
0, 198
0, 201
0, 203
0, 205
0, 208
0, 218
0, 225
0, 234
0, 240
0, 241
0, 244
0, 250
0, 259
0, 263
0, 265
0, 270
0, 279
0, 282
0, 289
0, 298
0, 301
0, 307
0, 315
0, 318
0, 323
0, 333
0, 335
0, 339
0, 346
0, 352
0, 358
0, 360
0, 363
0, 372
0, 374
0, 377
0, 383
0, 389
0, 392
0, 401
0, 404
0, 410
0, 418
0, 419
0, 427
0, 436
0, 437
0, 446
0, 453
0, 462
0, 465
0, 477
0, 482
0, 491
0, 501
0, 505
0, 507
0, 510
0, 513
0, 518
0, 526
0, 536
0, 542
0, 545
0, 551
0, 554
0, 557
0, 564
0, 573
0, 581
0, 586
0, 593
0, 596
0, 600
0, 603
0, 615
0, 622
0, 624
0, 631
0, 637
0, 645
0, 652
0, 655
0, 656
0, 663
0, 671
0, 677
0, 683
0, 696
0, 698
0, 700
0, 711
0, 715
0, 719
0, 723
0, 728
0, 739
0, 740
0, 743
0, 754
0, 756
0, 765
0, 771
0, 774
0, 783
0, 792
0, 798
0, 804
0, 810
0, 812
0, 821
0, 827
0, 830
0, 837
0, 842
0, 849
0, 853
0, 856
0, 862
0, 867
0, 876
0, 888
0, 890
0, 894
0, 896
0, 904
0, 914
0, 917
0, 922
0, 925
0, 934
0, 938
0, 946
0, 950
0, 957
0, 958
0, 970
0, 974
0, 986
0, 987
0, 994
0, 999
0, 1006
0, 1015
0, 1017
0, 1022
0, 1025
0, 1032
0, 1038
0, 1044
0, 1046
0, 1054
0, 1064
0, 1072
0, 1074
0, 1078
0, 1081
0, 1094
0, 1095
0, 1098
0, 1105
0, 1112
0, 1114
0, 1121
0, 1124
0, 1133
0, 1136
0, 1141
0, 1148
0, 1153
0, 1160
0, 1167
0, 1169
0, 1177
0, 1181
0, 1190
0, 1192
0, 1200
0, 1202
0, 1215
0, 1218
0, 1220
0, 1227
0, 1233
0, 1239
0, 1244
0, 1247
0, 1258
0, 1260
0, 1272
0, 1277
0, 1281
0, 1287
0, 1289
0, 1305
0, 1308
0, 1313
0, 1320
0, 1328
0, 1333
0, 1336
0, 1342
0, 1344
0, 1356
0, 1362
0, 1367
0, 1374
0, 1384
0, 1391
0, 1395
0, 1403
0, 1406
0, 1413
0, 1416
0, 1420
0, 1424
0, 1430
0, 1435
0, 1446
0, 1451
0, 1461
0, 1464
0, 1471
0, 1479
0, 1482
0, 1490
0, 1491
0, 1504
0, 1505
0, 1508
0, 1519
0, 1528
0, 1529
0, 1534
0, 1543
0, 1551
0, 1556
0, 1561
0, 1571
0, 1582
0, 1587
0, 1591
0, 1593
0, 1603
0, 1611
0, 1614
0, 1619
0, 1625
0, 1630
0, 1634
0, 1644
0, 1649
0, 1654
0, 1661
0, 1667
0, 1671
0, 1676
0, 1686
0, 1693
0, 1702
0, 1706
0, 1711
0, 1715
0, 1723
0, 1726
0, 1729
0, 1743
0, 1747
0, 1753
0, 1758
0, 1761
0, 1766
0, 1769
0, 1778
0, 1789
0, 1795
0, 1802
0, 1804
0, 1810
0, 1824
0, 1828
0, 1832
0, 1836
0, 1839
0, 1849
0, 1853
0, 1865
0, 1868
0, 1872
0, 1877
0, 1883
0, 1893
0, 1895
0, 1898
0, 1905
0, 1911
0, 1912
0, 1925
0, 1930
0, 1942
0, 1949
0, 1954
0, 1964
0, 1970
0, 1978
0, 1981
0, 1988
0, 1991
0, 2004
0, 2008
0, 2016
0, 2018
0, 2030
0, 2033
0, 2039
0, 2043
0, 2047
0, 2055
0, 2058
0, 2070
0, 2075
0, 2085
0, 2087
0, 2094
0, 2097
0, 2111
0, 2116
0, 2118
0, 2122
0, 2126
0, 2131
0, 2136
0, 2147
0, 2151
0, 2158
0, 2166
0, 2168
0, 2178
0, 2185
0, 2191
0, 2196
0, 2199
0, 2215
0, 2221
0, 2224
0, 2231
0, 2236
0, 2242
0, 2251
0, 2253
0, 2254
0, 2268
0, 2273
0, 2281
0, 2285
0, 2290
0, 2295
0, 2313
0, 2317
0, 2318
0, 2325
0, 2333
0, 2334
0, 2339
0, 2346
0, 2359
0, 2365
0, 2372
0, 2379
0, 2385
0, 2387
0, 2393
0, 2399
0, 2402
0, 2414
0, 2416
0, 2422
0, 2427
0, 2428
0, 2444
0, 2448
0, 2454
0, 2460
0, 2464
0, 2466
0, 2472
0, 2483
0, 2491
0, 2494
0, 2499
0, 2505
0, 2513
0, 2523
0, 2527
0, 2533
0, 2536
0, 2546
0, 2554
0, 2568
0, 2577
0, 2581
0, 2582
0, 2588
0, 2605
0, 2608
0, 2613
0, 2619
0, 2624
0, 2627
0, 2642
0, 2648
0, 2650
0, 2660
0, 2662
0, 2669
0, 2672
0, 2678
0, 2684
0, 2692
0, 2698
0, 2702
0, 2706
0, 2710
0, 2726
0, 2731
0, 2734
0, 2739
0, 2746
0, 2755
0, 2765
0, 2768
0, 2771
0, 2776
0, 2781
0, 2790
0, 2803
0, 2811
0, 2817
0, 2825
0, 2826
0, 2830
0, 2836
0, 2845
0, 2850
0, 2856
0, 2857
0, 2869
0, 2874
0, 2883
0, 2890
0, 2895
0, 2902
0, 2909
0, 2913
0, 2918
0, 2923
0, 2927
0, 2931
0, 2937
0, 2946
0, 2957
0, 2958
0, 2965
0, 2973
0, 2983
0, 2989
0, 2996
0, 3001
0, 3008
0, 3011
0, 3013
0, 3015
0, 3022
0, 3028
0, 3040
0, 3043
0, 3048
0, 3054
0, 3067
0, 3070
0, 3082
0, 3084
0, 3090
0, 3093
0, 3103
0, 3116
0, 3118
0, 3121
0, 3126
0, 3135
0, 3144
0, 3146
0, 3152
0, 3156
0, 3164
0, 3172
0, 3173
0, 3180
0, 3190
0, 3198
0, 3204
0, 3217
0, 3221
0, 3227
0, 3231
0, 3237
0, 3242
0, 3252
0, 3254
0, 3269
0, 3270
0, 3274
0, 3284
0, 3292
0, 3296
0, 3300
0, 3307
0, 3310
0, 3316
0, 3324
0, 3326
0, 3335
0, 3349
0, 3352
0, 3355
0, 3371
0, 3373
0, 3376
0, 3386
0, 3387
0, 3397
0, 3404
0, 3408
0, 3412
0, 3426
0, 3436
0, 3440
0, 3447
0, 3455
0, 3459
0, 3463
0, 3471
0, 3473
0, 3475
0, 3481
0, 3489
0, 3493
0, 3498
0, 3506
0, 3512
0, 3519
0, 3524
0, 3536
0, 3543
0, 3548
0, 3555
0, 3565
0, 3574
0, 3578
0, 3584
0, 3591
0, 3593
0, 3601
0, 3606
0, 3618
0, 3620
0, 3625
0, 3639
0, 3644
0, 3647
0, 3654
0, 3659
0, 3662
0, 3666
0, 3670
0, 3687
0, 3701
0, 3703
0, 3711
0, 3718
0, 3719
0, 3722
0, 3735
0, 3738
0, 3744
0, 3750
0, 3762
0, 3769
0, 3779
0, 3786
0, 3790
0, 3798
0, 3804
0, 3815
0, 3817
0, 3825
0, 3829
0, 3836
0, 3841
0, 3853
0, 3858
0, 3861
0, 3870
0, 3872
0, 3881
0, 3887
0, 3895
0, 3901
0, 3907
0, 3916
0, 3927
0, 3930
0, 3935
0, 3941
0, 3945
0, 3960
0, 3965
0, 3968
0, 3981
0, 3982
0, 3995
0, 4002
0, 4006
0, 4013
0, 4021
0, 4026
0, 4034
0, 4042
0, 4044
0, 4048
0, 4049
0, 4061
0, 4062
0, 4073
0, 4079
0, 4093
0, 4100
0, 4111
0, 4114
0, 4123
0, 4128
0, 4137
0, 4141
0, 4145
0, 4155
0, 4156
0, 4173
0, 4176
0, 4180
0, 4184
0, 4192
0, 4199
0, 4203
0, 4205
0, 4220
0, 4229
0, 4238
0, 4240
0, 4247
0, 4255
0, 4262
0, 4268
0, 4275
0, 4280
0, 4282
0, 4297
0, 4304
0, 4313
0, 4318
0, 4326
0, 4336
0, 4341
0, 4345
0, 4348
0, 4359
0, 4362
0, 4366
0, 4379
0, 4385
0, 4389
0, 4392
0, 4402
0, 4409
0, 4412
0, 4419
0, 4430
0, 4431
0, 4440
0, 4442
0, 4451
0, 4454
0, 4461
0, 4474
0, 4477
0, 4482
0, 4486
0, 4490
0, 4497
0, 4504
0, 4511
0, 4520
0, 4528
0, 4537
0, 4546
0, 4559
0, 4566
0, 4570
0, 4574
0, 4580
0, 4582
0, 4590
0, 4595
0, 4599
0, 4603
0, 4611
0, 4617
0, 4619
0, 4632
0, 4634
0, 4648
0, 4651
0, 4664
0, 4674
0, 4679
0, 4681
0, 4685
0, 4693
0, 4697
0, 4703
0, 4707
0, 4711
0, 4719
0, 4729
0, 4737
0, 4746
0, 4755
0, 4759
0, 4769
0, 4772
0, 4781
0, 4783
0, 4793
0, 4794
0, 4807
0, 4813
0, 4817
0, 4825
0, 4830
0, 4834
0, 4839
0, 4857
0, 4866
0, 4869
0, 4870
0, 4876
0, 4880
0, 4893
0, 4903
0, 4907
0, 4912
0, 4919
0, 4929
0, 4933
0, 4936
0, 4938
0, 4948
0, 4954
0, 4960
0, 4966
0, 4974
0, 4981
0, 4985
0, 4987
0, 4995
0, 5009
0, 5023
0, 5025
0, 5035
0, 5039
0, 5045
0, 5056
0, 5060
0, 5067
0, 5074
0, 5078
0, 5087
0, 5091
0, 5103
0, 5111
0, 5119
0, 5124
0, 5134
0, 5137
0, 5143
0, 5147
0, 5158
0, 5169
0, 5170
0, 5179
0, 5184
0, 5196
0, 5201
0, 5203
0, 5208
0, 5213
0, 5220
0, 5224
0, 5235
0, 5241
0, 5248
0, 5250
0, 5257
0, 5269
0, 5272
0, 5274
0, 5287
0, 5291
0, 5298
0, 5307
0, 5312
0, 5321
0, 5335
0, 5338
0, 5348
0, 5350
0, 5351
0, 5364
0, 5372
0, 5374
0, 5380
0, 5390
0, 5398
0, 5400
0, 5404
0, 5414
0, 5419
0, 5424
0, 5426
0, 5431
0, 5440
0, 5451
0, 5454
0, 5462
0, 5468
0, 5474
0, 5484
0, 5494
0, 5496
0, 5509
0, 5512
0, 5515
0, 5523
0, 5530
0, 5537
0, 5540
0, 5545
0, 5555
0, 5567
0, 5575
0, 5578
0, 5588
0, 5593
0, 5597
0, 5603
0, 5609
0, 5614
0, 5622
0, 5628
0, 5634
0, 5644
0, 5647
0, 5662
0, 5667
0, 5675
0, 5682
0, 5686
0, 5699
0, 5704
0, 5713
0, 5722
0, 5730
0, 5736
0, 5742
0, 5747
0, 5758
0, 5765
0, 5768
0, 5774
0, 5784
0, 5791
0, 5797
0, 5804
0, 5814
0, 5821
0, 5826
0, 5829
0, 5837
0, 5840
0, 5846
0, 5856
0, 5864
0, 5870
0, 5877
0, 5881
0, 5882
0, 5891
0, 5893
0, 5908
0, 5911
0, 5919
0, 5932
0, 5942
0, 5945
0, 5952
0, 5960
0, 5965
0, 5975
0, 5979
0, 5986
0, 5992
0, 6002
0, 6010
0, 6011
0, 6015
0, 6023
0, 6027
0, 6031
0, 6040
0, 6044
0, 6049
0, 6054
0, 6061
0, 6068
0, 6072
0, 6082
0, 6085
0, 6092
0, 6097
0, 6110
0, 6117
0, 6121
0, 6126
0, 6133
0, 6138
0, 6145
0, 6155
0, 6169
0, 6172
0, 6174
0, 6180
0, 6186
0, 6195
0, 6199
0, 6210
0, 6225
0, 6228
0, 6239
0, 6241
0, 6252
0, 6253
0, 6257
0, 6261
0, 6267
0, 6276
0, 6282
0, 6295
0, 6305
0, 6315
0, 6317
0, 6324
0, 6326
0, 6334
0, 6340
0, 6349
0, 6363
0, 6371
0, 6378
0, 6381
0, 6382
0, 6385
0, 6398
0, 6403
0, 6415
0, 6419
0, 6428
0, 6433
0, 6437
0, 6443
0, 6452
0, 6461
0, 6465
0, 6467
0, 6474
0, 6479
0, 6489
0, 6495
0, 6498
0, 6507
0, 6522
0, 6527
0, 6532
0, 6534
0, 6545
0, 6548
0, 6557
0, 6560
0, 6574
0, 6578
0, 6581
0, 6584
0, 6586
0, 6603
0, 6606
0, 6607
0, 6619
0, 6625
0, 6633
0, 6648
0, 6649
0, 6653
0, 6663
0, 6669
0, 6684
0, 6688
0, 6696
0, 6702
0, 6708
0, 6717
0, 6723
0, 6727
0, 6736
0, 6740
0, 6748
0, 6755
0, 6767
0, 6769
0, 6776
0, 6788
0, 6790
0, 6797
0, 6804
0, 6808
0, 6820
0, 6823
0, 6832
0, 6835
0, 6837
0, 6849
0, 6857
0, 6861
0, 6869
0, 6880
0, 6883
0, 6892
0, 6895
0, 6907
0, 6917
0, 6922
0, 6926
0, 6930
0, 6938
0, 6957
0, 6962
0, 6972
0, 6976
0, 6977
0, 6989
0, 6992
0, 7002
0, 7006
0, 7007
0, 7022
0, 7028
0, 7033
0, 7043
0, 7052
0, 7056
0, 7064
0, 7073
0, 7077
0, 7082
0, 7091
0, 7104
0, 7107
0, 7112
0, 7118
0, 7125
0, 7131
0, 7134
0, 7146
0, 7152
0, 7157
0, 7159
0, 7168
0, 7173
0, 7180
0, 7182
0, 7201
0, 7204
0, 7208
0, 7212
0, 7222
0, 7234
0, 7238
0, 7244
0, 7252
0, 7259
0, 7262
0, 7274
0, 7276
0, 7286
0, 7291
0, 7301
0, 7312
0, 7315
0, 7322
0, 7326
0, 7334
0, 7339
0, 7347
0, 7351
0, 7361
0, 7367
0, 7378
0, 7389
0, 7394
0, 7399
0, 7407
0, 7411
0, 7413
0, 7420
0, 7432
0, 7440
0, 7445
0, 7450
0, 7453
0, 7465
0, 7476
0, 7481
0, 7486
0, 7489
0, 7499
0, 7504
0, 7510
0, 7511
0, 7514
0, 7527
0, 7532
0, 7545
0, 7555
0, 7559
0, 7564
0, 7570
0, 7579
0, 7581
0, 7592
0, 7596
0, 7603
0, 7606
0, 7610
0, 7615
0, 7634
0, 7640
0, 7642
0, 7649
0, 7665
0, 7668
0, 7675
0, 7678
0, 7685
0, 7692
0, 7700
0, 7707
0, 7713
0, 7719
0, 7729
0, 7733
0, 7741
0, 7747
0, 7749
0, 7758
0, 7764
0, 7767
0, 7780
0, 7787
0, 7792
0, 7800
0, 7808
0, 7825
0, 7833
0, 7834
0, 7840
0, 7842
0, 7847
0, 7863
0, 7868
0, 7877
0, 7881
0, 7889
0, 7900
0, 7905
0, 7908
0, 7912
0, 7922
0, 7925
0, 7935
0, 7945
0, 7951
0, 7963
0, 7968
0, 7971
0, 7982
0, 7984
0, 7988
0, 7998
0, 8002
0, 8008
0, 8013
0, 8024
0, 8040
0, 8042
0, 8051
0, 8056
0, 8060
0, 8061
0, 8068
0, 8078
0, 8082
0, 8095
0, 8101
0, 8104
0, 8109
0, 8121
0, 8131
0, 8136
0, 8138
0, 8144
0, 8152
0, 8166
0, 8168
0, 8173
0, 8183
0, 8204
0, 8206
0, 8210
0, 8214
0, 8222
0, 8232
0, 8239
0, 8245
0, 8253
0, 8258
0, 8264
0, 8274
0, 8285
0, 8293
0, 8296
0, 8306
0, 8314
0, 8317
0, 8318
0, 8322
0, 8335
0, 8344
0, 8350
0, 8357
0, 8362
0, 8363
0, 8374
0, 8378
0, 8386
0, 8393
0, 8400
0, 8411
0, 8417
0, 8426
0, 8435
0, 8440
0, 8449
0, 8453
0, 8461
0, 8465
0, 8469
0, 8486
0, 8491
0, 8496
0, 8507
0, 8512
0, 8517
0, 8525
0, 8530
0, 8537
0, 8541
0, 8548
0, 8558
0, 8563
0, 8574
0, 8576
0, 8589
0, 8591
0, 8599
0, 8608
0, 8616
0, 8619
0, 8634
0, 8639
0, 8645
0, 8648
0, 8657
0, 8662
0, 8669
0, 8673
0, 8687
0, 8694
0, 8696
0, 8701
0, 8708
0, 8722
0, 8729
0, 8738
0, 8745
0, 8747
0, 8753
0, 8756
0, 8769
0, 8771
0, 8777
0, 8791
0, 8796
0, 8799
0, 8806
0, 8808
0, 8817
0, 8828
0, 8836
0, 8845
0, 8852
0, 8854
0, 8859
0, 8865
0, 8877
0, 8881
0, 8888
0, 8894
0, 8903
0, 8911
0, 8915
0, 8937
0, 8941
0, 8947
0, 8953
0, 8962
0, 8969
0, 8974
0, 8979
0, 8989
0, 8991
0, 8999
0, 9007
0, 9017
0, 9026
0, 9033
0, 9037
0, 9045
0, 9050
0, 9052
0, 9062
0, 9068
0, 9074
0, 9080
0, 9089
0, 9095
0, 9108
0, 9113
0, 9116
0, 9128
0, 9131
0, 9140
0, 9151
0, 9154
0, 9159
0, 9169
0, 9179
0, 9185
0, 9192
0, 9197
0, 9212
0, 9216
0, 9219
0, 9226
0, 9232
0, 9235
0, 9245
0, 9258
0, 9263
0, 9272
0, 9280
0, 9292
0, 9296
0, 9304
0, 9309
0, 9315
0, 9320
0, 9327
0, 9329
0, 9334
0, 9344
0, 9351
0, 9358
0, 9362
0, 9366
0, 9376
0, 9382
0, 9390
0, 9396
0, 9402
0, 9412
0, 9417
0, 9426
0, 9431
0, 9440
0, 9447
0, 9452
0, 9459
0, 9470
0, 9479
0, 9485
0, 9489
0, 9499
0, 9502
0, 9506
0, 9513
0, 9522
0, 9531
0, 9544
0, 9551
0, 9562
0, 9567
0, 9571
0, 9583
0, 9584
0, 9590
0, 9593
0, 9599
0, 9602
0, 9618
0, 9629
0, 9635
0, 9641
0, 9645
0, 9650
0, 9660
0, 9668
0, 9680
0, 9690
0, 9693
0, 9704
0, 9708
0, 9714
0, 9727
0, 9728
0, 9736
0, 9747
0, 9754
0, 9756
0, 9765
0, 9769
0, 9777
0, 9781
0, 9784
0, 9798
0, 9802
0, 9811
0, 9822
0, 9830
0, 9833
0, 9842
0, 9845
0, 9855
0, 9862
0, 9869
0, 9871
0, 9884
0, 9891
0, 9898
0, 9902
0, 9909
0, 9915
0, 9926
0, 9936
0, 9938
0, 9949
0, 9956
0, 9958
0, 9967
0, 9973
0, 9981
0, 9988
0, 9995
0, 9997
0, 9999
0, 10008
0, 10011
0, 10025
0, 10027
0, 10038
0, 10044
0, 10047
0, 10057
0, 10064
0, 10074
0, 10079
0, 10085
0, 10094
0, 10103
0, 10109
0, 10114
0, 10125
0, 10129
0, 10134
0, 10142
0, 10151
0, 10154
0, 10162
0, 10167
0, 10171
0, 10176
0, 10193
0, 10200
0, 10209
0, 10212
0, 10219
0, 10227
0, 10230
0, 10236
0, 10246
0, 10252
0, 10263
0, 10267
0, 10272
0, 10278
0, 10285
0, 10293
0, 10296
0, 10311
0, 10316
0, 10326
0, 10336
0, 10340
0, 10345
0, 10354
0, 10365
0, 10369
0, 10374
0, 10379
0, 10385
0, 10395
0, 10399
0, 10403
0, 10412
0, 10416
0, 10425
0, 10430
0, 10435
0, 10447
0, 10452
0, 10459
0, 10468
0, 10482
0, 10485
0, 10489
0, 10499
0, 10501
0, 10511
0, 10523
0, 10526
0, 10532
0, 10534
0, 10548
0, 10556
0, 10561
0, 10565
0, 10567
0, 10587
0, 10593
0, 10600
0, 10601
0, 10610
0, 10615
0, 10626
0, 10635
0, 10643
0, 10645
0, 10660
0, 10662
0, 10670
0, 10680
0, 10696
0, 10700
0, 10703
0, 10715
0, 10720
0, 10721
0, 10730
0, 10733
0, 10738
0, 10742
0, 10750
0, 10758
0, 10765
0, 10774
0, 10782
0, 10786
0, 10791
0, 10802
0, 10804
0, 10806
0, 10823
0, 10829
0, 10835
0, 10840
0, 10850
0, 10854
0, 10862
0, 10868
0, 10877
0, 10884
0, 10892
0, 10896
0, 10904
0, 10912
0, 10929
0, 10931
0, 10934
0, 10949
0, 10951
0, 10959
0, 10961
0, 10968
0, 10975
0, 10988
0, 10994
0, 11002
0, 11007
0, 11013
0, 11016
0, 11022
0, 11037
0, 11040
0, 11044
0, 11051
0, 11057
0, 11066
0, 11069
0, 11073
0, 11089
0, 11094
0, 11095
0, 11108
0, 11120
0, 11123
0, 11127
0, 11133
0, 11142
0, 11147
0, 11152
0, 11159
0, 11179
0, 11191
0, 11196
0, 11207
0, 11212
0, 11215
0, 11221
0, 11227
0, 11230
0, 11248
0, 11251
0, 11258
0, 11266
0, 11276
0, 11283
0, 11286
0, 11293
0, 11298
0, 11312
0, 11322
0, 11326
0, 11329
0, 11333
0, 11338
0, 11351
0, 11360
0, 11365
0, 11378
0, 11383
0, 11391
0, 11394
0, 11398
0, 11413
0, 11421
0, 11422
0, 11425
0, 11441
0, 11450
0, 11459
0, 11463
0, 11470
0, 11474
0, 11487
0, 11494
0, 11501
0, 11506
0, 11512
0, 11516
0, 11528
0, 11530
0, 11547
0, 11558
0, 11559
0, 11565
0, 11575
0, 11580
0, 11589
0, 11592
0, 11600
0, 11604
0, 11613
0, 11619
0, 11621
0, 11634
0, 11641
0, 11650
0, 11652
0, 11660
0, 11668
0, 11673
0, 11682
0, 11686
0, 11695
0, 11699
0, 11706
0, 11714
0, 11726
0, 11731
0, 11735
0, 11743
0, 11757
0, 11763
0, 11768
0, 11776
0, 11783
0, 11789
0, 11794
0, 11813
0, 11817
0, 11822
0, 11834
0, 11845
0, 11849
0, 11859
0, 11862
0, 11873
0, 11879
0, 11883
0, 11888
0, 11900
0, 11905
0, 11914
0, 11919
0, 11926
0, 11940
0, 11941
0, 11951
0, 11953
0, 11971
0, 11975
0, 11981
0, 11990
0, 11995
0, 12003
0, 12010
0, 12021
0, 12023
0, 12029
0, 12035
0, 12042
0, 12048
0, 12050
0, 12061
0, 12070
0, 12073
0, 12084
0, 12091
0, 12096
0, 12104
0, 12107
0, 12119
0, 12120
0, 12132
0, 12135
0, 12146
0, 12153
0, 12164
0, 12170
0, 12183
0, 12186
0, 12193
0, 12203
0, 12205
0, 12213
0, 12219
0, 12228
0, 12233
0, 12244
0, 12253
0, 12256
0, 12270
0, 12273
0, 12285
0, 12291
0, 12293
0, 12297
0, 12308
0, 12310
0, 12317
0, 12325
0, 12330
0, 12340
0, 12351
0, 12356
0, 12363
0, 12364
0, 12383
0, 12389
0, 12400
0, 12407
0, 12415
0, 12431
0, 12438
0, 12446
0, 12448
0, 12459
0, 12464
0, 12469
0, 12476
0, 12481
0, 12492
0, 12501
0, 12506
0, 12512
0, 12517
0, 12524
0, 12541
0, 12546
0, 12551
0, 12554
0, 12565
0, 12574
0, 12579
0, 12587
0, 12590
0, 12595
0, 12598
0, 12607
0, 12616
0, 12622
0, 12630
0, 12649
0, 12650
0, 12652
0, 12664
0, 12667
0, 12668
0, 12688
0, 12691
0, 12704
0, 12706
0, 12724
0, 12727
0, 12735
0, 12741
0, 12744
0, 12760
0, 12768
0, 12770
0, 12781
0, 12788
0, 12805
0, 12817
0, 12825
0, 12830
0, 12841
0, 12848
0, 12851
0, 12863
0, 12868
0, 12878
0, 12882
0, 12894
0, 12898
0, 12908
0, 12914
0, 12920
0, 12922
0, 12947
0, 12951
0, 12958
0, 12966
0, 12971
0, 12983
0, 12991
0, 12996
0, 13009
0, 13025
