0, 4, 0
4, 4, 2.66467
13, 4, 3.43703
28, 4, 4.84128
38, 4, 5.37993
46, 4, 5.83541
51, 4, 6.03341
104, 4, 8.01258
109, 4, 8.06177
134, 4, 8.43928
149, 4, 8.59877
198, 4, 9.09826
212, 4, 9.19479
247, 4, 9.50033
293, 4, 9.79855
295, 4, 9.80932
328, 4, 9.96173
369, 4, 10.1618
460, 4, 10.5178
484, 4, 10.6068
502, 4, 10.6694
518, 4, 10.7205
581, 4, 10.9299
591, 4, 10.9587
616, 4, 11.0381
711, 4, 11.3079
725, 4, 11.3401
759, 4, 11.4403
799, 4, 11.5357
807, 4, 11.5554
857, 4, 11.6686
876, 4, 11.7187
913, 4, 11.8032
947, 4, 11.8889
979, 4, 11.9679
1010, 4, 12.0329
1063, 4, 12.1484
1080, 4, 12.1905
1116, 4, 12.2654
1164, 4, 12.3627
1193, 4, 12.4174
1211, 4, 12.4533
1255, 4, 12.5386
1296, 4, 12.6257
1310, 4, 12.6639
1327, 4, 12.695
1369, 4, 12.7754
1397, 4, 12.8231
1454, 4, 12.9264
1527, 4, 13.063
1555, 4, 13.1169
1614, 4, 13.2228
1619, 4, 13.233
1676, 4, 13.3268
1709, 4, 13.3708
1800, 4, 13.5361
1836, 4, 13.6004
1866, 4, 13.6516
1885, 4, 13.673
1924, 4, 13.7423
1941, 4, 13.7768
1998, 4, 13.865
2020, 4, 13.9042
2074, 4, 13.9878
2113, 4, 14.0492
2148, 4, 14.0997
2163, 4, 14.1269
2197, 4, 14.1776
2225, 4, 14.2225
2281, 4, 14.3168
2297, 4, 14.3394
2351, 4, 14.4313
2393, 4, 14.4939
2398, 4, 14.5017
2430, 4, 14.5512
2462, 4, 14.6039
2524, 4, 14.7007
2534, 4, 14.7166
2580, 4, 14.7971
2630, 4, 14.8755
2675, 4, 14.9417
2709, 4, 14.9958
2718, 4, 15.011
2762, 4, 15.0838
2814, 4, 15.1654
2897, 4, 15.2992
2922, 4, 15.346
2953, 4, 15.3997
3000, 4, 15.4804
3027, 4, 15.5216
3096, 4, 15.6201
3217, 4, 15.8186
3228, 4, 15.8348
3262, 4, 15.8907
3320, 4, 15.9885
3341, 4, 16.0185
3391, 4, 16.1004
3413, 4, 16.1368
3457, 4, 16.2108
3485, 4, 16.2553
3520, 4, 16.3226
3547, 4, 16.3685
3601, 4, 16.4652
3626, 4, 16.5075
3646, 4, 16.5391
3716, 4, 16.6642
3751, 4, 16.7334
3787, 4, 16.7999
3798, 4, 16.8174
3841, 4, 16.8987
3851, 4, 16.9135
3880, 4, 16.9659
3941, 4, 17.084
3956, 4, 17.1091
3980, 4, 17.1557
4011, 4, 17.2164
4049, 4, 17.294
4053, 4, 17.3052
4098, 4, 17.3998
4102, 4, 17.407
4123, 4, 17.4519
4177, 4, 17.567
4203, 4, 17.626
4244, 4, 17.706
4274, 4, 17.7729
4321, 4, 17.8744
4365, 4, 17.9751
4394, 4, 18.0407
4403, 4, 18.0652
4433, 4, 18.1412
4453, 4, 18.1872
4491, 4, 18.2935
4520, 4, 18.374
4553, 4, 18.4627
4571, 4, 18.5014
4594, 4, 18.5714
4618, 4, 18.6352
4668, 4, 18.7692
4695, 4, 18.864
4730, 4, 18.9714
4766, 4, 19.102
4806, 4, 19.2476
4855, 4, 19.4143
4900, 4, 19.588
4914, 4, 19.6465
4932, 4, 19.6988
4938, 4, 19.7227
4949, 4, 19.7609
5044, 4, 20.2417
5101, 4, 20.6024
5119, 4, 20.7164
5155, 4, 20.9547
5169, 4, 21.0239
5218, 4, 21.4566
5256, 4, 21.8838
